7.495334744453430176e-01 5.265858173370361328e-01 -1.002779901027679443e-01 7.435310482978820801e-01 3.183986619114875793e-02 -1.074048280715942383e+00 7.113456726074218750e-01 5.810903385281562805e-02 -6.814579367637634277e-01 -1.454312950372695923e-01 1.126366138458251953e+00 3.817914752289652824e-03 6.080386042594909668e-01 -3.163402676582336426e-01 1.120202183723449707e+00 1.042446613311767578e+00 -1.779578477144241333e-01 -1.198992967605590820e+00 4.363125935196876526e-02 -8.038632869720458984e-01 4.838683307170867920e-01 6.981118917465209961e-01 3.545457124710083008e-01 -2.407405823469161987e-01 -3.756381571292877197e-02 5.244283676147460938e-01 1.199147254228591919e-01 3.277882933616638184e-01 9.606428444385528564e-02 -6.513646841049194336e-01 -1.618190258741378784e-01 3.425545096397399902e-01 2.279512286186218262e-01 -4.188591837882995605e-01 2.980998456478118896e-01 -5.739720463752746582e-01 6.221112608909606934e-01 3.136781603097915649e-02 3.261471390724182129e-01 8.066232800483703613e-01 3.362532258033752441e-01 -2.907820641994476318e-01 -1.361540853977203369e-01 -3.467868268489837646e-01 1.269320607185363770e+00 1.194399818778038025e-01 -5.583345517516136169e-02 -5.541645362973213196e-02 5.492953062057495117e-01 -1.270969808101654053e-01 1.723403930664062500e-01 1.091531753540039062e+00 -1.421267241239547729e-01 2.413811087608337402e-01 3.509525954723358154e-01 -3.349463343620300293e-01 1.142162561416625977e+00 5.396991968154907227e-01 1.706498265266418457e-01 5.362180471420288086e-01 8.718861341476440430e-01 5.255018472671508789e-01 2.984991073608398438e-01 9.061050415039062500e-02
7.415973544120788574e-01 5.168813467025756836e-01 -1.004057601094245911e-01 7.277948856353759766e-01 1.839415542781352997e-02 -1.073912382125854492e+00 7.068539857864379883e-01 6.564276665449142456e-02 -6.897822618484497070e-01 -1.475587934255599976e-01 1.132219314575195312e+00 7.940784096717834473e-03 5.787650942802429199e-01 -2.902513444423675537e-01 1.123511910438537598e+00 1.066389322280883789e+00 -1.795223355293273926e-01 -1.210900664329528809e+00 4.709657281637191772e-02 -8.079519867897033691e-01 4.518397152423858643e-01 6.698317527770996094e-01 3.263670206069946289e-01 -2.497930526733398438e-01 -1.969853974878787994e-02 5.277588367462158203e-01 8.379944413900375366e-02 3.134351372718811035e-01 1.125500947237014771e-01 -6.468787193298339844e-01 -1.627048552036285400e-01 3.373147547245025635e-01 2.565299570560455322e-01 -4.125490188598632812e-01 3.136910796165466309e-01 -5.755532979965209961e-01 6.264527440071105957e-01 4.061443358659744263e-02 3.236382901668548584e-01 8.035996556282043457e-01 3.396899402141571045e-01 -2.850078940391540527e-01 -1.371515393257141113e-01 -3.475376069545745850e-01 1.283673524856567383e+00 1.114225462079048157e-01 -3.659275546669960022e-02 -5.702820047736167908e-02 5.233080983161926270e-01 -1.413466930389404297e-01 1.775914877653121948e-01 1.077789545059204102e+00 -1.336441487073898315e-01 2.460308670997619629e-01 3.618449866771697998e-01 -3.235376477241516113e-01 1.130906701087951660e+00 5.484837889671325684e-01 1.815330684185028076e-01 5.428729653358459473e-01 8.632293343544006348e-01 5.319014191627502441e-01 3.080845475196838379e-01 8.191753178834915161e-02
9.492920041084289551e-01 1.923565566539764404e-01 6.993010640144348145e-01 -3.502841666340827942e-02 2.983974516391754150e-01 -1.157147169113159180e+00 1.762576550245285034e-01 -1.081735253334045410e+00 -1.401353716850280762e+00 -7.212221622467041016e-01 1.357983708381652832e+00 -5.675109028816223145e-01 1.337664872407913208e-01 -7.081116437911987305e-01 3.082641959190368652e-01 3.539105653762817383e-01 -5.213841199874877930e-01 -6.091930866241455078e-01 2.281347066164016724e-01 -1.837186664342880249e-01 3.338265419006347656e-01 1.525472551584243774e-01 1.096481919288635254e+00 -1.560338120907545090e-02 2.318300306797027588e-01 4.806710183620452881e-01 2.890062928199768066e-01 -7.465531826019287109e-01 4.531752765178680420e-01 1.556964963674545288e-01 -5.163402557373046875e-01 8.981715440750122070e-01 -1.099112182855606079e-01 -1.074236273765563965e+00 3.592615425586700439e-01 -3.155499696731567383e-01 -3.452932238578796387e-01 -2.526190876960754395e-01 4.766811430454254150e-01 4.840919673442840576e-01 4.735185205936431885e-01 6.930310130119323730e-01 -4.475848078727722168e-01 -8.946661651134490967e-02 1.170116066932678223e+00 2.502925395965576172e-01 -1.250807642936706543e-01 1.702708005905151367e-01 2.125828415155410767e-01 -7.083262801170349121e-01 -4.353951215744018555e-01 9.861289858818054199e-01 6.733589768409729004e-01 -7.214563488960266113e-01 7.921862006187438965e-01 3.066412210464477539e-01 2.936752438545227051e-01 5.133517831563949585e-02 -1.009694695472717285e+00 2.978657782077789307e-01 -1.295478045940399170e-01 -1.153520107269287109e+00 -1.729376763105392456e-01 -3.959508538246154785e-01
2.170219272375106812e-01 3.689206242561340332e-01 2.485435903072357178e-01 1.529956310987472534e-01 1.286228746175765991e-01 -1.256961464881896973e+00 9.004516005516052246e-01 -5.710802078247070312e-01 -1.305461764335632324e+00 -3.667722046375274658e-01 4.889068305492401123e-01 -4.258832931518554688e-01 -8.614197969436645508e-01 -4.903975129127502441e-01 2.147210836410522461e-01 -8.666735142469406128e-02 7.366799116134643555e-01 -1.886437892913818359e+00 4.922298192977905273e-01 -2.153191715478897095e-01 1.401015162467956543e+00 1.066605925559997559e+00 6.078104376792907715e-01 -1.461699962615966797e+00 3.530878722667694092e-01 3.249237835407257080e-01 -1.064133167266845703e+00 6.780694723129272461e-01 -6.600564718246459961e-01 6.655500531196594238e-01 9.035195112228393555e-01 -2.925814986228942871e-01 1.700988709926605225e-01 -3.883129358291625977e-01 1.887407302856445312e-01 -5.978609323501586914e-01 8.549500703811645508e-01 1.023679748177528381e-01 8.856128156185150146e-02 9.897131919860839844e-01 -2.179648727178573608e-03 6.979920715093612671e-02 -7.633576542139053345e-02 1.007275104522705078e+00 6.958815455436706543e-01 -4.395434856414794922e-01 -2.764747738838195801e-01 -1.189478263258934021e-01 -6.062995791435241699e-01 -8.341412544250488281e-01 3.083038330078125000e-01 1.658309698104858398e+00 -5.482160672545433044e-02 3.785656094551086426e-01 2.827530205249786377e-01 2.183722704648971558e-01 4.656691253185272217e-01 -9.285061955451965332e-01 3.665115684270858765e-02 7.199778556823730469e-01 -7.102227807044982910e-01 -8.415592312812805176e-01 1.805344223976135254e-01 -1.596574038267135620e-01
1.132968425750732422e+00 6.045491434633731842e-03 2.754219472408294678e-01 2.890952229499816895e-01 2.213593423366546631e-01 -9.736526012420654297e-01 6.118724346160888672e-01 -1.004805684089660645e+00 -1.259843349456787109e+00 1.970565766096115112e-01 -2.306645512580871582e-01 -1.240294218063354492e+00 -7.420935630798339844e-01 7.385498285293579102e-02 9.283632636070251465e-01 4.788111746311187744e-01 -2.977849245071411133e-01 -6.184891983866691589e-02 2.430888712406158447e-01 2.141753286123275757e-01 9.278500676155090332e-01 1.007449626922607422e+00 -1.489581167697906494e-01 1.307003647089004517e-01 7.368530035018920898e-01 6.832031607627868652e-01 -1.998662948608398438e-01 2.349503040313720703e-01 -2.084562033414840698e-01 -4.160646796226501465e-01 -1.194576546549797058e-01 -2.498243004083633423e-01 2.056523412466049194e-01 3.584018945693969727e-01 2.027144134044647217e-01 -8.457490801811218262e-01 3.567787408828735352e-01 5.673829317092895508e-01 -8.587302565574645996e-01 6.834137439727783203e-01 1.056603938341140747e-01 -4.997293278574943542e-02 -3.002179227769374847e-02 -2.404442578554153442e-01 6.898888349533081055e-01 9.965120814740657806e-03 3.096318542957305908e-01 -3.817761540412902832e-01 -1.939529627561569214e-01 1.805599480867385864e-01 6.559581309556961060e-02 9.075686335563659668e-01 2.779633998870849609e-01 2.457653135061264038e-01 1.589922308921813965e-01 -2.075840383768081665e-01 6.058316230773925781e-01 7.174277305603027344e-02 -7.373291254043579102e-02 6.642630100250244141e-01 -4.449173510074615479e-01 -7.494055479764938354e-02 9.766168892383575439e-02 -6.073901057243347168e-01
4.900289773941040039e-01 2.479799538850784302e-01 4.005049467086791992e-01 5.449425578117370605e-01 -5.792958289384841919e-02 -9.314696788787841797e-01 4.549807012081146240e-01 -4.920960664749145508e-01 -7.648176550865173340e-01 -9.494549781084060669e-02 6.403192877769470215e-01 1.735578849911689758e-02 7.258391380310058594e-02 -7.715663313865661621e-02 8.363942503929138184e-01 3.609032630920410156e-01 1.721455156803131104e-01 -7.709577083587646484e-01 -4.883907139301300049e-01 5.370344519615173340e-01 3.037303686141967773e-01 2.579961717128753662e-02 4.528000950813293457e-01 -2.946791648864746094e-01 -9.130118787288665771e-02 2.992849349975585938e-01 -1.169884428381919861e-01 3.578670620918273926e-01 -1.772412210702896118e-01 -5.000742077827453613e-01 3.299734741449356079e-02 -2.763209640979766846e-01 -2.850078642368316650e-01 -3.832778036594390869e-01 -3.456242680549621582e-01 3.637767136096954346e-01 -1.139001846313476562e-01 3.117136657238006592e-01 -1.309268772602081299e-01 6.748684048652648926e-01 -6.221584677696228027e-01 3.266421258449554443e-01 -1.171872615814208984e-01 1.067483797669410706e-01 -1.898509413003921509e-01 -6.892442703247070312e-01 -8.165176957845687866e-02 -2.070466242730617523e-02 -2.967099249362945557e-01 -1.710063964128494263e-01 4.486725032329559326e-01 3.067190647125244141e-01 3.041353225708007812e-01 -1.899719685316085815e-01 7.060029506683349609e-01 -8.167304992675781250e-01 -4.304079413414001465e-01 3.909618258476257324e-01 -4.018072411417961121e-02 -4.068694636225700378e-02 -8.393667638301849365e-02 -3.932377099990844727e-01 2.073122262954711914e-01 -3.743189945816993713e-02
1.675783842802047729e-01 -1.052710134536027908e-02 -5.802326276898384094e-02 1.294174939393997192e-01 -1.021817848086357117e-01 -9.216504544019699097e-02 1.393203288316726685e-01 -6.873751878738403320e-01 -1.144772246479988098e-01 -4.840162396430969238e-01 5.569670200347900391e-01 -3.010613620281219482e-01 1.554193645715713501e-01 -4.116277694702148438e-01 5.062792897224426270e-01 7.880214601755142212e-02 -4.739598035812377930e-01 -8.373822569847106934e-01 7.716368436813354492e-01 2.810078859329223633e-01 1.085497498512268066e+00 8.304245024919509888e-02 -1.940938085317611694e-01 -1.085520163178443909e-01 -3.507071733474731445e-01 2.175945788621902466e-01 -1.077925682067871094e+00 1.526663601398468018e-01 -9.445304423570632935e-02 -5.747576057910919189e-02 -2.847902178764343262e-01 4.417143166065216064e-01 -2.032606005668640137e-01 -2.241130620241165161e-01 7.001959085464477539e-01 -7.596288919448852539e-01 -1.718468219041824341e-01 2.151203453540802002e-01 3.164478242397308350e-01 5.262132883071899414e-01 2.987177968025207520e-01 2.273878753185272217e-01 1.407032310962677002e-01 -6.149108409881591797e-01 4.511042237281799316e-01 -8.143636584281921387e-02 6.246523559093475342e-02 -8.674114942550659180e-02 -5.372551828622817993e-02 -8.831304311752319336e-01 9.662882089614868164e-01 1.580071747303009033e-01 3.096190392971038818e-01 -7.447104156017303467e-02 4.237858653068542480e-01 3.123580515384674072e-01 5.031386613845825195e-01 -1.272226870059967041e-01 -1.517717838287353516e-01 3.449503779411315918e-01 -5.301637649536132812e-01 3.605824708938598633e-01 5.374975204467773438e-01 -5.082011222839355469e-01
-6.489204615354537964e-02 7.049334794282913208e-02 7.752853035926818848e-01 4.329013824462890625e-01 4.362743496894836426e-01 -6.811228394508361816e-01 9.504911303520202637e-01 -4.453707635402679443e-01 -8.002215027809143066e-01 -6.808109283447265625e-01 8.930130600929260254e-01 -2.840035855770111084e-01 6.788051128387451172e-01 2.296295166015625000e-01 9.543401598930358887e-01 2.248159050941467285e-02 6.185741350054740906e-02 -1.205304145812988281e+00 1.640715748071670532e-01 4.479714930057525635e-01 9.285873174667358398e-01 5.592988133430480957e-01 5.348961353302001953e-01 2.003565877676010132e-01 -3.020262159407138824e-02 1.229689359664916992e+00 5.802213549613952637e-01 4.161253869533538818e-01 6.640262603759765625e-01 -5.079416036605834961e-01 -4.198635816574096680e-01 6.453860998153686523e-01 1.759599894285202026e-01 -4.992596805095672607e-01 -4.000267684459686279e-01 -1.119793891906738281e+00 -6.475256383419036865e-02 4.780082106590270996e-01 -5.198624134063720703e-01 5.379465594887733459e-02 -5.501969158649444580e-02 1.518317759037017822e-01 1.699693799018859863e-01 3.978077471256256104e-01 6.862146258354187012e-01 5.168466567993164062e-01 6.260630488395690918e-01 -2.816984951496124268e-01 8.133498430252075195e-01 -1.759271472692489624e-01 -2.097169496119022369e-02 1.102430939674377441e+00 5.837328433990478516e-01 -2.524789050221443176e-02 4.737237095832824707e-02 1.332392245531082153e-01 1.216970801353454590e+00 8.026044815778732300e-02 -2.137100547552108765e-01 -1.331499218940734863e-01 -2.821013927459716797e-01 -2.103963047266006470e-01 -2.088868319988250732e-01 -1.551726818084716797e+00
2.178889662027359009e-01 -3.680113554000854492e-01 1.397347897291183472e-01 -3.938457071781158447e-01 5.417544767260551453e-02 -7.267931103706359863e-01 7.728856056928634644e-02 -2.427784800529479980e-01 -3.717441558837890625e-01 2.597914338111877441e-01 4.361491203308105469e-01 2.836413383483886719e-01 3.247679471969604492e-01 7.446277141571044922e-02 1.957476325333118439e-02 -2.483069598674774170e-01 5.668619871139526367e-01 -3.398295044898986816e-01 -1.362628489732742310e-01 7.723509520292282104e-02 2.690607011318206787e-01 1.478889882564544678e-01 2.817671000957489014e-01 -1.300807595252990723e-01 -3.934547901153564453e-01 1.630251854658126831e-01 -3.688241243362426758e-01 1.771628111600875854e-01 -6.002239510416984558e-02 -6.207657456398010254e-01 8.158982545137405396e-02 5.042079091072082520e-01 -7.349757552146911621e-01 3.821478784084320068e-01 2.928856015205383301e-01 -4.153069555759429932e-01 -3.318024873733520508e-01 -2.871925532817840576e-01 3.905369341373443604e-01 4.748272895812988281e-01 -5.024741888046264648e-01 9.523186087608337402e-02 -4.330704808235168457e-01 -3.034918606281280518e-01 2.875990569591522217e-01 -1.406812816858291626e-01 1.161444634199142456e-01 1.837826669216156006e-01 1.221647188067436218e-01 3.641594648361206055e-01 3.956858813762664795e-01 -8.696393668651580811e-02 2.410507202148437500e-01 2.872037887573242188e-01 4.701862633228302002e-01 1.525921225547790527e-01 -6.500950455665588379e-02 1.308500915765762329e-01 -1.012035906314849854e-01 3.027914166450500488e-01 -1.768711954355239868e-02 -2.735178731381893158e-02 -1.476215869188308716e-01 -4.838768839836120605e-01
-1.018147468566894531e-01 2.097963541746139526e-02 6.562064290046691895e-01 7.201315164566040039e-01 -3.046938478946685791e-01 -7.850475907325744629e-01 8.074816465377807617e-01 -1.401211321353912354e-01 -7.216969132423400879e-01 -2.753854095935821533e-01 5.089596509933471680e-01 -3.156084120273590088e-01 -5.695671439170837402e-01 2.847517728805541992e-01 -1.851057112216949463e-01 2.247297018766403198e-01 -7.281256318092346191e-01 -1.967557817697525024e-01 -4.063711315393447876e-02 -2.886545956134796143e-01 9.257214069366455078e-01 4.175410866737365723e-01 1.880424916744232178e-01 -3.154112398624420166e-01 2.466979622840881348e-01 1.644805888645350933e-03 6.245061010122299194e-02 2.664859592914581299e-01 -2.980681061744689941e-01 -3.700753450393676758e-01 5.318785831332206726e-02 5.549241900444030762e-01 1.092226654291152954e-01 -8.825661540031433105e-01 3.666954487562179565e-02 2.776333317160606384e-02 3.471270203590393066e-01 1.167752668261528015e-01 -8.716806024312973022e-02 1.771836131811141968e-01 1.034666374325752258e-01 8.046467304229736328e-01 -5.471781492233276367e-01 -2.008386999368667603e-01 3.993256986141204834e-01 -4.649151116609573364e-02 -2.107777446508407593e-01 6.047359108924865723e-01 4.003437757492065430e-01 -2.592704594135284424e-01 -8.610777556896209717e-02 1.103274583816528320e+00 -4.210627377033233643e-01 1.338921636343002319e-01 3.457995951175689697e-01 -9.625457972288131714e-02 6.689896583557128906e-01 -1.576961427927017212e-01 -1.461256742477416992e-01 6.995153427124023438e-01 -3.966583013534545898e-01 3.751984611153602600e-02 2.821114361286163330e-01 -7.393257021903991699e-01
3.776373341679573059e-02 1.124177649617195129e-01 5.305580496788024902e-01 5.894839763641357422e-01 3.055862486362457275e-01 -2.064156830310821533e-01 5.598365664482116699e-01 3.266388475894927979e-01 -5.816402435302734375e-01 6.498022675514221191e-01 8.696270585060119629e-01 5.070897936820983887e-02 -3.220033645629882812e-02 3.677880764007568359e-01 1.933833062648773193e-01 -7.604992985725402832e-01 3.840020596981048584e-01 4.397794138640165329e-03 2.919548451900482178e-01 -4.350607097148895264e-02 2.743641734123229980e-01 4.585024416446685791e-01 -1.811747103929519653e-01 -4.353907108306884766e-01 -3.944614529609680176e-01 1.357541978359222412e-01 -2.394431531429290771e-01 4.882280528545379639e-01 4.573692679405212402e-01 -4.313722252845764160e-01 6.581920385360717773e-02 3.996087312698364258e-01 -2.955664694309234619e-01 -2.746147513389587402e-01 5.213463902473449707e-01 -3.125095963478088379e-01 3.724378719925880432e-02 9.077945351600646973e-02 4.877124726772308350e-02 1.060037016868591309e+00 2.087701857089996338e-02 -1.727944761514663696e-01 1.074054986238479614e-01 -6.294619292020797729e-03 7.368127107620239258e-01 3.105155825614929199e-01 1.715523004531860352e-01 6.031774282455444336e-01 -4.153791069984436035e-01 1.452767252922058105e-01 8.613089919090270996e-01 -3.274679780006408691e-01 2.152583897113800049e-01 -7.788088172674179077e-02 4.093331992626190186e-01 -1.893784105777740479e-01 2.921850383281707764e-01 8.183044940233230591e-02 -1.548392474651336670e-01 1.181492581963539124e-01 1.712033748626708984e-01 -4.191813766956329346e-01 -4.146479964256286621e-01 -3.623100519180297852e-01
3.476202189922332764e-01 1.767268776893615723e-01 1.797482222318649292e-01 1.328812837600708008e-01 -1.780514866113662720e-01 -3.381668031215667725e-01 5.218479037284851074e-01 2.796331942081451416e-01 -7.963831424713134766e-01 2.038238495588302612e-01 2.310825586318969727e-01 -3.100040853023529053e-01 2.871207594871520996e-01 2.634004950523376465e-01 -2.202522009611129761e-01 -2.714747786521911621e-01 1.084400042891502380e-01 -5.839013308286666870e-02 1.738191694021224976e-01 -4.284568130970001221e-02 3.930664062500000000e-01 8.603560924530029297e-02 2.759780734777450562e-02 2.702221274375915527e-01 -3.178573846817016602e-01 1.251830339431762695e+00 -6.248342990875244141e-01 -1.540739685297012329e-01 -2.720875740051269531e-01 -1.692967563867568970e-01 -1.285154372453689575e-01 -4.101818427443504333e-02 -1.420641839504241943e-01 7.533864676952362061e-02 4.258981049060821533e-01 -6.909380555152893066e-01 2.279372364282608032e-01 -3.972636461257934570e-01 3.265435695648193359e-01 -2.453488409519195557e-01 1.121242865920066833e-01 1.959407776594161987e-01 2.249869853258132935e-01 3.697561621665954590e-01 5.098114609718322754e-01 -1.123356461524963379e+00 3.306210339069366455e-01 -4.245565831661224365e-01 1.834411770105361938e-01 -3.397337198257446289e-01 2.213536351919174194e-01 1.069180294871330261e-01 -4.013195633888244629e-01 -3.327395617961883545e-01 3.049125671386718750e-01 2.215769737958908081e-01 4.581003487110137939e-01 -5.924571156501770020e-01 -2.336794435977935791e-01 8.670247346162796021e-02 -1.174046993255615234e-01 -5.767136216163635254e-01 -2.154804766178131104e-01 -3.583832979202270508e-01
3.830915987491607666e-01 1.035363823175430298e-01 5.694034695625305176e-01 -7.007442414760589600e-02 -1.101619243621826172e+00 -7.572109699249267578e-01 7.901152372360229492e-01 -1.098631501197814941e+00 -6.856212019920349121e-01 6.825322508811950684e-01 6.544232368469238281e-01 -5.072002410888671875e-01 1.361224204301834106e-01 9.239938110113143921e-02 2.030808292329311371e-02 6.449388265609741211e-01 -4.556714594364166260e-01 -7.699992060661315918e-01 -2.547971010208129883e-01 -3.263706564903259277e-01 4.098733365535736084e-01 9.056116938591003418e-01 1.785234957933425903e-01 4.566892515867948532e-03 -1.949784159660339355e-01 4.538585841655731201e-01 -1.910281777381896973e-01 2.308046817779541016e-01 -1.861889362335205078e-01 -5.135752633213996887e-02 -6.277227401733398438e-01 -1.355632394552230835e-01 -7.116849422454833984e-01 -2.403406649827957153e-01 1.117025539278984070e-01 6.082604527473449707e-01 7.373736500740051270e-01 2.365389615297317505e-01 8.965021371841430664e-01 2.425336390733718872e-01 -4.854295849800109863e-01 -5.279666185379028320e-01 -2.095212489366531372e-01 -2.597202658653259277e-01 4.712093770503997803e-01 -1.783015727996826172e-01 2.347936332225799561e-01 -2.030499875545501709e-01 -6.678273081779479980e-01 -2.750110626220703125e-01 8.427353203296661377e-02 3.796925544738769531e-01 -5.223581194877624512e-02 -9.426238387823104858e-02 2.390892803668975830e-01 -1.236196830868721008e-01 1.327129006385803223e-01 -9.734290093183517456e-02 -5.106520652770996094e-01 -1.666550636291503906e-01 -3.192566931247711182e-01 -8.407483249902725220e-02 -3.947420120239257812e-01 -4.571339488029479980e-01
6.063100695610046387e-01 -1.203356862068176270e+00 9.630545377731323242e-01 4.777424335479736328e-01 3.743992149829864502e-01 -1.129247665405273438e+00 9.973952770233154297e-01 1.777838766574859619e-01 -9.408730268478393555e-01 -5.665557086467742920e-02 3.129678368568420410e-01 -3.849560618400573730e-01 -3.670111298561096191e-01 -3.857935369014739990e-01 1.040579199790954590e+00 1.158686399459838867e+00 2.251894585788249969e-02 -3.457967340946197510e-01 7.184067368507385254e-02 -2.258395999670028687e-01 1.624598354101181030e-01 1.877736091613769531e+00 3.083269000053405762e-01 -8.146079182624816895e-01 1.375052928924560547e-01 3.971527516841888428e-01 -2.738941013813018799e-01 8.362459540367126465e-01 2.298352569341659546e-01 -9.399107098579406738e-01 3.914931416511535645e-01 -3.213040232658386230e-01 3.827612996101379395e-01 2.967397868633270264e-02 -4.994623363018035889e-01 -5.739029645919799805e-01 1.158427819609642029e-01 6.129934787750244141e-01 8.342255353927612305e-01 8.647049069404602051e-01 4.111996591091156006e-01 -6.261442899703979492e-01 3.637037873268127441e-01 3.139726221561431885e-01 1.243964314460754395e+00 -1.157521009445190430e-01 -1.287452969700098038e-02 -2.215118110179901123e-01 -1.848592311143875122e-01 -4.682807251811027527e-02 -3.690409064292907715e-01 3.896871805191040039e-01 5.353148579597473145e-01 4.030185639858245850e-01 9.155746102333068848e-01 2.482503950595855713e-01 9.911437034606933594e-01 -6.755481362342834473e-01 3.312486708164215088e-01 -6.428554654121398926e-01 -1.227428317070007324e+00 3.660288825631141663e-02 -2.946857810020446777e-01 -6.869395971298217773e-01
5.171892419457435608e-02 -2.571012675762176514e-01 -7.908264547586441040e-02 1.458029150962829590e-01 2.155717909336090088e-01 -1.993145346641540527e-01 1.780313998460769653e-01 -3.474798500537872314e-01 5.774772539734840393e-02 5.513375997543334961e-02 6.069127321243286133e-01 -1.899920850992202759e-01 1.528896689414978027e-01 -2.431871136650443077e-03 2.371081113815307617e-01 -3.218499124050140381e-01 2.134235054254531860e-01 -1.518611311912536621e-01 3.452907204627990723e-01 2.025619000196456909e-01 4.880694746971130371e-01 -9.280731528997421265e-02 -2.974543571472167969e-01 -4.649211093783378601e-02 -4.999542832374572754e-01 4.704945683479309082e-01 -8.202942013740539551e-01 -5.215207859873771667e-02 -1.341098099946975708e-01 -4.744971692562103271e-01 -3.230061829090118408e-01 4.637551307678222656e-02 -2.916224002838134766e-01 2.193585038185119629e-01 4.618478417396545410e-01 -1.941624730825424194e-01 3.870397508144378662e-01 -1.972836256027221680e-01 4.288256764411926270e-01 2.818734943866729736e-01 6.109549850225448608e-02 6.780235469341278076e-02 1.343464404344558716e-01 -7.510938644409179688e-01 2.654998600482940674e-01 -3.684390783309936523e-01 2.845132946968078613e-01 1.435354351997375488e-01 -9.646957367658615112e-02 -5.973722338676452637e-01 4.448559880256652832e-01 -2.922844588756561279e-01 7.855146378278732300e-02 5.129328463226556778e-03 3.429571390151977539e-01 -1.705802083015441895e-01 2.094472944736480713e-02 -1.133756116032600403e-01 -2.924899458885192871e-01 1.603225767612457275e-01 -1.134650558233261108e-01 -1.981165111064910889e-01 3.794712722301483154e-01 -6.418154835700988770e-01
2.413012683391571045e-01 -4.869567453861236572e-01 9.398057311773300171e-02 5.426381826400756836e-01 6.975151896476745605e-01 -5.253178477287292480e-01 -7.539299130439758301e-02 -1.842770725488662720e-01 -2.250501960515975952e-01 3.421728909015655518e-01 2.796727120876312256e-01 -2.157129198312759399e-01 5.628097057342529297e-01 -6.043089628219604492e-01 -7.791614532470703125e-02 -1.853651255369186401e-01 3.761869072914123535e-01 2.149265110492706299e-01 4.805645644664764404e-01 1.006895229220390320e-01 7.083477973937988281e-01 2.490779757499694824e-01 3.599637448787689209e-01 -2.778101153671741486e-02 -1.416560411453247070e-01 6.296296417713165283e-02 -7.030026316642761230e-01 2.258647233247756958e-01 1.779890656471252441e-01 -3.307073116302490234e-01 -3.403914570808410645e-01 8.317343145608901978e-02 -4.948792755603790283e-01 7.629454880952835083e-02 -5.378374457359313965e-01 -3.987037241458892822e-01 2.937224209308624268e-01 -5.032539740204811096e-02 6.720110177993774414e-01 7.097216844558715820e-01 -9.453287720680236816e-02 1.027380228042602539e-01 -2.453164607286453247e-01 -7.885922789573669434e-01 4.331317543983459473e-01 -3.030772805213928223e-01 1.316419839859008789e-01 -2.193425744771957397e-01 1.733337491750717163e-01 -1.120480224490165710e-01 -2.569634616374969482e-01 -2.896408177912235260e-02 1.964961290359497070e-01 1.442994475364685059e-01 1.929530352354049683e-01 2.019507288932800293e-01 6.784993410110473633e-02 -5.145528912544250488e-01 -3.487658202648162842e-01 5.999444127082824707e-01 -1.273183375597000122e-01 5.338929221034049988e-02 2.322879880666732788e-01 -3.055102527141571045e-01
3.550370633602142334e-01 -1.365233212709426880e-01 5.136303901672363281e-01 2.686361074447631836e-01 3.752244710922241211e-01 7.005737721920013428e-02 7.134225964546203613e-01 -3.746004104614257812e-01 -1.243107318878173828e+00 -6.010945513844490051e-02 9.958577342331409454e-03 5.747072696685791016e-01 1.535342931747436523e-01 2.527346611022949219e-01 -1.668636798858642578e-01 3.635873198509216309e-01 -3.747727274894714355e-01 6.624136120080947876e-02 -2.483174353837966919e-01 4.448159411549568176e-02 6.353387236595153809e-01 4.153379797935485840e-01 -3.500643968582153320e-01 -1.241039782762527466e-01 1.995384246110916138e-01 6.826318502426147461e-01 -1.029988884925842285e+00 -9.476371109485626221e-02 -2.685522437095642090e-01 -6.401011943817138672e-01 -9.108287096023559570e-01 3.146218657493591309e-01 -2.202245295047760010e-01 3.354593515396118164e-01 2.765052318572998047e-01 -3.885549008846282959e-01 1.518088728189468384e-01 -3.917146921157836914e-01 6.004823446273803711e-01 -2.527399361133575439e-02 6.724622845649719238e-02 3.697877749800682068e-02 1.746730357408523560e-01 -3.365940153598785400e-01 3.500809967517852783e-01 -4.767872393131256104e-01 7.363463044166564941e-01 -3.491494655609130859e-01 2.971455396618694067e-04 -1.085028290748596191e+00 2.172686010599136353e-01 1.511057615280151367e-01 -2.205795496702194214e-01 -2.333694100379943848e-01 -8.176371455192565918e-02 -1.860070787370204926e-02 -1.090614795684814453e-01 -4.173401892185211182e-01 -4.026081562042236328e-01 -2.239811979234218597e-02 -6.991498172283172607e-02 -3.762329220771789551e-01 -4.436990320682525635e-01 -1.977900415658950806e-01
4.036734700202941895e-01 3.873710632324218750e-01 9.186173081398010254e-01 3.419934511184692383e-01 -1.336618093773722649e-03 -8.471096754074096680e-01 4.872328042984008789e-01 1.234809309244155884e-02 -6.558352112770080566e-01 -1.025950983166694641e-01 3.905070722103118896e-01 -2.204318344593048096e-01 -1.567663550376892090e-01 -2.851533889770507812e-01 9.306936860084533691e-01 5.929250121116638184e-01 2.120465636253356934e-01 -6.206284761428833008e-01 -6.633160710334777832e-01 7.716118097305297852e-01 3.910679519176483154e-01 4.456382095813751221e-01 9.074001312255859375e-01 -1.001720502972602844e-01 3.586936891078948975e-01 5.546219348907470703e-01 -3.263783752918243408e-01 -1.721146865747869015e-03 -4.599326476454734802e-02 -6.827543973922729492e-01 2.867079675197601318e-01 2.492325454950332642e-01 3.609515354037284851e-02 -3.810800015926361084e-01 -4.287127554416656494e-01 2.013306505978107452e-02 1.230601593852043152e-01 -4.185941442847251892e-02 -8.781462162733078003e-02 5.473915934562683105e-01 -2.450582534074783325e-01 3.582313954830169678e-01 1.502321213483810425e-01 2.930338680744171143e-01 3.619869351387023926e-01 -3.214274048805236816e-01 6.278171390295028687e-02 4.941985011100769043e-01 -4.414988458156585693e-01 -5.283731222152709961e-01 7.644654512405395508e-01 -1.269204020500183105e-01 3.043852150440216064e-01 5.426269769668579102e-01 3.749527335166931152e-01 -3.101128041744232178e-01 -1.146339848637580872e-01 5.931512117385864258e-01 -1.731170862913131714e-01 4.297028854489326477e-02 -4.392559528350830078e-01 5.587515980005264282e-02 3.342528343200683594e-01 -2.847021520137786865e-01
6.584690511226654053e-02 2.237950861454010010e-01 3.079409003257751465e-01 2.115922234952449799e-02 -3.992650806903839111e-01 -1.059482574462890625e+00 5.174161195755004883e-01 -4.399919211864471436e-01 4.912948980927467346e-02 3.394575119018554688e-01 5.854235887527465820e-01 -7.300165295600891113e-02 4.954462349414825439e-01 2.346708476543426514e-01 3.497950732707977295e-01 4.382989108562469482e-01 1.249037832021713257e-01 -5.544399023056030273e-01 -4.840008020401000977e-01 1.486117690801620483e-01 2.271687686443328857e-01 1.930997520685195923e-01 -1.167820543050765991e-01 -7.528941333293914795e-02 -3.972420692443847656e-01 4.716867208480834961e-01 -3.848555088043212891e-01 2.906669378280639648e-01 3.059638850390911102e-02 -1.037668958306312561e-01 -5.588409900665283203e-01 -3.493763208389282227e-01 -8.014549612998962402e-01 -1.155954003334045410e-01 -1.840300485491752625e-02 1.711896210908889771e-01 2.994780987501144409e-02 1.710801720619201660e-01 2.557805478572845459e-01 3.638271987438201904e-01 -7.314632534980773926e-01 1.076846495270729065e-01 -3.283205330371856689e-01 -4.799647927284240723e-01 1.047857925295829773e-01 -5.898285508155822754e-01 4.385553896427154541e-01 -1.330969333648681641e-01 -5.349755287170410156e-01 -1.706883609294891357e-01 4.700340330600738525e-02 -1.125186309218406677e-01 -3.177066147327423096e-02 1.532321274280548096e-01 4.072422385215759277e-01 -3.790016770362854004e-01 -4.596810322254896164e-04 1.712066084146499634e-01 -2.273252159357070923e-01 -3.548936247825622559e-01 1.151948347687721252e-01 -7.200183719396591187e-02 -2.103519439697265625e-01 -6.443160772323608398e-01
5.580321326851844788e-02 -2.773433327674865723e-01 -1.186650544404983521e-01 7.998338341712951660e-02 2.519344687461853027e-01 -2.640171647071838379e-01 4.990237653255462646e-01 2.680676877498626709e-01 -8.520469814538955688e-02 4.876697957515716553e-01 3.364086747169494629e-01 -5.015383958816528320e-01 2.203797996044158936e-01 3.694745302200317383e-01 3.405543267726898193e-01 -9.563425183296203613e-02 -5.471033975481987000e-02 -1.859549283981323242e-01 1.934478245675563812e-02 -1.882863938808441162e-01 7.866806983947753906e-01 4.616743326187133789e-01 -7.818505167961120605e-02 1.163639873266220093e-01 -4.766943156719207764e-01 5.682423710823059082e-01 -4.402253627777099609e-01 -2.662145495414733887e-01 -4.496465325355529785e-01 -1.261263936758041382e-01 9.736829251050949097e-02 3.045367896556854248e-01 -1.831578016281127930e-01 -1.979723423719406128e-01 -4.812759160995483398e-02 -2.409331733360886574e-03 -1.401143968105316162e-01 -1.209202259778976440e-01 -2.945423126220703125e-01 1.462443768978118896e-01 1.142806559801101685e-02 -3.467346131801605225e-01 4.451027140021324158e-02 4.935732856392860413e-02 5.298331975936889648e-01 -8.975938558578491211e-01 -1.500555425882339478e-01 -7.946942001581192017e-02 2.171853780746459961e-01 -6.947683170437812805e-03 7.042883038520812988e-01 -1.342714875936508179e-01 3.890308737754821777e-01 -3.208224847912788391e-02 4.387638866901397705e-01 2.214380502700805664e-01 3.523617684841156006e-01 -5.479532480239868164e-01 -8.902393281459808350e-02 -4.818995296955108643e-02 -4.474294558167457581e-02 -2.798609137535095215e-01 9.434402920305728912e-03 2.646402455866336823e-02
3.614508211612701416e-01 -6.692823953926563263e-03 2.724011838436126709e-01 1.895404160022735596e-01 -1.135015487670898438e-01 -7.111807465553283691e-01 2.717977166175842285e-01 5.531295537948608398e-01 -6.556173563003540039e-01 -4.606781303882598877e-01 9.182195663452148438e-01 3.743281960487365723e-02 -1.087133169174194336e+00 -2.010838836431503296e-01 6.790695190429687500e-01 2.280466407537460327e-01 -4.588522911071777344e-01 -1.229626655578613281e+00 5.879639983177185059e-01 -6.406660676002502441e-01 7.850164175033569336e-01 9.283683300018310547e-01 9.542911052703857422e-01 -9.305399060249328613e-01 7.155473232269287109e-01 7.897329926490783691e-01 -5.299723744392395020e-01 1.899598985910415649e-01 -3.560777008533477783e-01 2.968972027301788330e-01 -4.392470419406890869e-01 -2.468242496252059937e-01 1.077643752098083496e+00 -9.569747447967529297e-01 1.403078734874725342e-01 -8.213809728622436523e-01 4.044197201728820801e-01 -4.770292639732360840e-01 4.180773794651031494e-01 8.461359739303588867e-01 4.574696123600006104e-01 -5.291378498077392578e-01 -1.202360391616821289e+00 -9.813270568847656250e-01 1.182626366615295410e+00 -5.136961936950683594e-01 4.857186675071716309e-01 -1.231784522533416748e-01 -3.869407773017883301e-01 -2.137059867382049561e-01 3.593563139438629150e-01 4.200473129749298096e-01 1.395559124648571014e-02 4.216759800910949707e-01 1.029235959053039551e+00 -9.328482151031494141e-01 6.231606006622314453e-01 2.703204154968261719e-01 -4.885074496269226074e-01 -8.077234774827957153e-02 -9.445804357528686523e-01 9.013536572456359863e-02 2.252926081418991089e-01 2.427221536636352539e-01
4.859117865562438965e-01 -4.080856963992118835e-02 5.194344520568847656e-01 8.395217657089233398e-01 4.894757270812988281e-01 -5.168659687042236328e-01 1.146745681762695312e-01 -1.836694180965423584e-01 -5.230330228805541992e-01 -1.228133141994476318e-01 3.120030462741851807e-01 2.543422207236289978e-02 -7.492791414260864258e-01 1.625155098736286163e-02 2.467473298311233521e-01 3.332726061344146729e-01 -8.488197326660156250e-01 -2.441892772912979126e-01 -1.213788911700248718e-01 2.158987373113632202e-01 1.394817829132080078e-01 8.926661610603332520e-01 7.161981463432312012e-01 -6.025419235229492188e-01 -5.421121120452880859e-01 4.856284260749816895e-01 -2.141146659851074219e-01 -1.039391532540321350e-01 -6.456817388534545898e-01 2.216948270797729492e-01 -1.079724207520484924e-01 8.769787102937698364e-02 3.152596056461334229e-01 -8.111472725868225098e-01 -2.991106212139129639e-01 -5.723956823348999023e-01 2.545014917850494385e-01 6.833897829055786133e-01 2.598364055156707764e-01 1.264743953943252563e-01 -1.841012835502624512e-01 3.882787525653839111e-01 -4.063449501991271973e-01 -3.187161684036254883e-01 1.286989897489547729e-01 2.459717541933059692e-01 -2.709826529026031494e-01 6.669625639915466309e-02 -1.361818164587020874e-01 -1.894262880086898804e-01 4.401355087757110596e-01 7.938600182533264160e-01 -2.392392754554748535e-01 -2.280332893133163452e-01 3.330086171627044678e-02 2.461920082569122314e-01 1.053826451301574707e+00 1.445607542991638184e-01 -2.562918961048126221e-01 2.128676772117614746e-01 -6.437790393829345703e-01 -6.800086498260498047e-01 -3.457889556884765625e-01 -9.553240537643432617e-01
7.739614844322204590e-01 2.792743444442749023e-01 9.971629381179809570e-01 5.206689834594726562e-01 -2.391172498464584351e-01 -6.122787594795227051e-01 2.787226811051368713e-02 -1.395427286624908447e-01 -3.493138253688812256e-01 1.240292936563491821e-01 4.682762920856475830e-01 -7.588785290718078613e-01 6.436724066734313965e-01 5.132890939712524414e-01 4.496193826198577881e-01 5.330998301506042480e-01 3.635711073875427246e-01 -1.973696798086166382e-01 2.366464734077453613e-01 1.929578632116317749e-01 -3.899579048156738281e-01 6.199465394020080566e-01 1.007972434163093567e-01 1.042956188321113586e-01 -4.388762116432189941e-01 5.571197867393493652e-01 -1.216931492090225220e-01 -2.700749337673187256e-01 -4.327609241008758545e-01 -8.869286775588989258e-01 -4.260191917419433594e-01 2.069580405950546265e-01 -1.337285339832305908e-01 -5.130984783172607422e-01 -2.834512591361999512e-01 -9.073140025138854980e-01 -2.144194692373275757e-01 -2.660967409610748291e-01 -8.445484936237335205e-02 9.270188808441162109e-01 7.669051289558410645e-01 5.668181180953979492e-02 -5.405094027519226074e-01 -9.105588793754577637e-01 4.240765571594238281e-01 -2.683953046798706055e-01 -1.786225736141204834e-01 3.201814740896224976e-02 2.124501019716262817e-01 2.776170074939727783e-01 -4.180537462234497070e-01 4.800407290458679199e-01 -3.957531452178955078e-01 -3.094636499881744385e-01 5.594854950904846191e-01 4.580338001251220703e-01 1.089915335178375244e-01 -4.234647154808044434e-01 3.048400580883026123e-01 -4.274824261665344238e-02 -2.529043257236480713e-01 -1.623535007238388062e-01 2.880926728248596191e-01 -8.032734394073486328e-01
3.810313642024993896e-01 -1.462748646736145020e-01 6.200644373893737793e-01 -5.149876326322555542e-02 -4.687108993530273438e-01 -1.787055879831314087e-01 4.780334532260894775e-01 -2.702175676822662354e-01 -4.718807935714721680e-01 2.689239680767059326e-01 2.865314185619354248e-01 4.165580496191978455e-03 2.990190088748931885e-01 2.356438338756561279e-01 3.207664787769317627e-01 2.445673011243343353e-02 -1.645008176565170288e-01 -5.257488489151000977e-01 6.073352415114641190e-03 -3.205536603927612305e-01 6.515515446662902832e-01 4.566960036754608154e-01 -6.159127950668334961e-01 2.102873027324676514e-01 -5.133372545242309570e-01 4.900870323181152344e-01 -2.827039659023284912e-01 3.861818015575408936e-01 1.952862888574600220e-01 -1.707681268453598022e-01 -4.882325530052185059e-01 -1.803470402956008911e-01 -3.026592731475830078e-01 1.125524416565895081e-01 -3.470169305801391602e-01 4.148258268833160400e-01 4.806547164916992188e-01 -1.911731213331222534e-01 7.215923070907592773e-01 -7.695336639881134033e-02 -4.385497570037841797e-01 -2.253206968307495117e-01 -1.447893828153610229e-01 -1.352120339870452881e-01 1.871273070573806763e-01 -6.521514654159545898e-01 5.969136357307434082e-01 -2.685889303684234619e-01 -1.282606869935989380e-01 -3.299226462841033936e-01 5.743623971939086914e-01 2.808516621589660645e-01 -8.953211456537246704e-02 -1.987790167331695557e-01 1.581011563539505005e-01 -7.538982480764389038e-02 4.049750268459320068e-01 -5.310611724853515625e-01 -4.351017475128173828e-01 -2.699913680553436279e-01 3.739298880100250244e-02 -4.365160465240478516e-01 -1.926316916942596436e-01 3.084363043308258057e-01
5.533282756805419922e-01 -7.324210405349731445e-01 1.079821109771728516e+00 1.964329481124877930e-01 -6.783016771078109741e-02 -7.243626117706298828e-01 7.474400103092193604e-02 -7.524021267890930176e-01 -1.255127191543579102e+00 -8.512260317802429199e-01 8.307515382766723633e-01 -2.629852294921875000e-01 -5.584507584571838379e-01 -3.384040892124176025e-01 -1.263433992862701416e-01 -6.515515446662902832e-01 -1.989382058382034302e-01 -6.686954498291015625e-01 -2.479725927114486694e-01 -2.708486616611480713e-01 4.153648614883422852e-01 2.574441432952880859e-01 2.168740481138229370e-01 -6.635191440582275391e-01 -4.828273057937622070e-01 6.852503418922424316e-01 -3.650166988372802734e-01 2.473350614309310913e-01 -3.216914832592010498e-01 -5.000309348106384277e-01 1.897972971200942993e-01 4.721018373966217041e-01 6.896470785140991211e-01 3.624270856380462646e-01 5.286748334765434265e-02 -5.578025579452514648e-01 1.554743647575378418e-01 1.042520254850387573e-01 1.489965170621871948e-01 8.728583455085754395e-01 3.305540978908538818e-01 -4.228041470050811768e-01 -3.122967481613159180e-01 1.533890068531036377e-01 3.884220123291015625e-01 -2.021637707948684692e-01 4.241903722286224365e-01 -4.399421811103820801e-02 -2.005401849746704102e-01 -1.862349510192871094e-01 -1.122023910284042358e-01 2.880064845085144043e-01 -4.441523551940917969e-01 2.471372485160827637e-01 -1.435037553310394287e-01 -3.342872858047485352e-01 6.101774573326110840e-01 1.449501812458038330e-01 -1.852394193410873413e-01 5.564630627632141113e-01 4.372164011001586914e-01 -1.905543506145477295e-01 -1.525175124406814575e-01 1.844170987606048584e-01
1.303624749183654785e+00 -2.295999079942703247e-01 1.159006834030151367e+00 9.001203775405883789e-01 -3.021738529205322266e-01 -3.266448378562927246e-01 8.221905827522277832e-01 -4.090844988822937012e-01 -1.248127222061157227e+00 -8.136968016624450684e-01 -3.137524724006652832e-01 7.186365127563476562e-02 -6.459723114967346191e-01 -3.428936377167701721e-02 7.298011183738708496e-01 5.275029540061950684e-01 -4.983058199286460876e-02 -3.800538778305053711e-01 4.283099994063377380e-02 -1.369775831699371338e-01 1.024628043174743652e+00 1.333349466323852539e+00 4.675721228122711182e-01 1.224837750196456909e-01 -8.720369338989257812e-01 1.129017174243927002e-01 -4.786742627620697021e-01 7.059142738580703735e-02 4.628832265734672546e-02 -1.287050604820251465e+00 9.035074114799499512e-01 2.813206017017364502e-01 -1.267299354076385498e-01 -8.089007735252380371e-01 -9.844160825014114380e-02 -1.249446034431457520e+00 9.910814166069030762e-01 -9.907784406095743179e-04 1.010258570313453674e-01 -1.063770279288291931e-01 4.828068614006042480e-01 6.254812330007553101e-02 -3.112205564975738525e-01 -6.296862363815307617e-01 1.217598676681518555e+00 -3.221667408943176270e-01 3.774848580360412598e-01 1.019118055701255798e-01 3.891320824623107910e-01 7.080681920051574707e-01 6.569302678108215332e-01 3.318522274494171143e-01 3.855160176753997803e-01 -2.889350056648254395e-01 -6.657162904739379883e-01 6.754485517740249634e-02 1.626579165458679199e-01 5.408220887184143066e-01 -3.317212760448455811e-01 6.587201356887817383e-01 -1.806571930646896362e-01 -2.892203330993652344e-01 3.620985448360443115e-01 7.212675642222166061e-03
1.087219953536987305e+00 1.912524551153182983e-01 4.412795007228851318e-01 3.557572364807128906e-01 5.713533759117126465e-01 -7.139513492584228516e-01 9.086639285087585449e-01 -1.110842943191528320e+00 -1.307492017745971680e+00 2.785153687000274658e-02 -2.991031296551227570e-02 -1.117251157760620117e+00 -6.419606208801269531e-01 -1.825619339942932129e-01 8.927547335624694824e-01 2.423679679632186890e-01 -4.048219621181488037e-01 2.278032451868057251e-01 4.054456949234008789e-01 1.312280744314193726e-01 8.654602766036987305e-01 8.293220400810241699e-01 -1.207433342933654785e-01 4.379220008850097656e-01 5.203112959861755371e-01 5.891049504280090332e-01 -2.277025207877159119e-02 3.557833433151245117e-01 -3.410181999206542969e-01 -3.163739144802093506e-01 -3.182000219821929932e-01 -2.004512995481491089e-01 6.489360928535461426e-01 -4.615810513496398926e-02 2.253492474555969238e-01 -8.277005553245544434e-01 2.322965264320373535e-01 4.459179043769836426e-01 -5.297304391860961914e-01 7.546361088752746582e-01 -2.685471475124359131e-01 -1.479616668075323105e-02 -3.239643275737762451e-01 -1.242807433009147644e-01 1.085824608802795410e+00 -7.241649925708770752e-02 5.175600051879882812e-01 -1.946388483047485352e-01 -4.655301868915557861e-01 2.123624384403228760e-01 4.411602392792701721e-02 9.853323698043823242e-01 4.147660136222839355e-01 -5.397500470280647278e-02 1.641936302185058594e-01 -3.941277265548706055e-01 6.263282895088195801e-01 -1.529402434825897217e-01 3.218132555484771729e-01 2.814052402973175049e-01 -3.712878525257110596e-01 3.644064813852310181e-02 3.104026019573211670e-01 -5.852882266044616699e-01
1.760040819644927979e-01 -2.112104892730712891e-01 9.447252154350280762e-01 1.107014656066894531e+00 8.442559838294982910e-02 -5.429433584213256836e-01 1.113463282585144043e+00 -5.354090332984924316e-01 -1.239252448081970215e+00 2.323233336210250854e-02 8.606900572776794434e-01 -3.367246687412261963e-01 2.318037599325180054e-01 -7.927725911140441895e-01 4.562349617481231689e-01 5.318854451179504395e-01 1.504685878753662109e-01 -5.100165009498596191e-01 1.758020371198654175e-01 -7.120417803525924683e-02 -2.115806639194488525e-01 1.210153460502624512e+00 -3.977549821138381958e-02 -6.907036900520324707e-01 7.152239792048931122e-03 1.081314496695995331e-02 -7.663632035255432129e-01 -3.160834312438964844e-01 -5.472414493560791016e-01 -5.999041199684143066e-01 -4.647593498229980469e-01 3.303784430027008057e-01 1.099521592259407043e-01 -4.341947436332702637e-01 1.468128412961959839e-01 -5.027118921279907227e-01 9.323943257331848145e-01 1.678242236375808716e-01 -3.693835735321044922e-01 -1.337269544601440430e-01 5.203019976615905762e-01 3.982218801975250244e-01 2.334598600864410400e-01 6.206936240196228027e-01 1.365823864936828613e+00 3.501130938529968262e-01 -3.870647251605987549e-01 -5.814288854598999023e-01 5.398264154791831970e-02 5.848833546042442322e-02 -2.398854866623878479e-02 9.591526985168457031e-01 6.279117465019226074e-01 -4.843983054161071777e-01 7.520804405212402344e-01 -9.347563236951828003e-02 1.367808580398559570e-01 2.926184833049774170e-01 -4.460025131702423096e-01 8.163093775510787964e-02 -3.072751462459564209e-01 -2.337640374898910522e-01 5.788380503654479980e-01 -5.954331755638122559e-01
4.829688370227813721e-02 2.828395962715148926e-01 2.375691980123519897e-01 -2.193305641412734985e-01 -1.167536675930023193e-01 -7.069929838180541992e-01 2.068005800247192383e-01 -4.654055833816528320e-02 -5.216096043586730957e-01 6.108327209949493408e-02 3.888710439205169678e-01 9.494725614786148071e-02 -1.316408067941665649e-01 -3.891557082533836365e-02 3.681794703006744385e-01 -5.906086787581443787e-02 1.017149537801742554e-01 -1.838075518608093262e-01 -4.287679493427276611e-01 9.656361341476440430e-01 7.361108809709548950e-02 1.274885088205337524e-01 4.049905836582183838e-01 -3.551499545574188232e-01 -4.630906134843826294e-02 4.802136123180389404e-01 -5.297009348869323730e-01 -1.031291782855987549e-01 5.444376468658447266e-01 -7.127941846847534180e-01 -1.499511599540710449e-01 4.240926802158355713e-01 -5.119471549987792969e-01 -2.797775566577911377e-01 1.895750313997268677e-02 2.997245192527770996e-01 5.464442372322082520e-01 1.820338703691959381e-02 4.444617033004760742e-02 7.343762516975402832e-01 -2.031398415565490723e-01 1.648708432912826538e-01 2.817224562168121338e-01 -8.736628293991088867e-02 1.789523214101791382e-01 -2.943553924560546875e-01 1.340705156326293945e-01 5.292525514960289001e-03 -9.283479303121566772e-02 -1.272461563348770142e-01 8.529405593872070312e-01 -2.767844796180725098e-01 4.154906272888183594e-01 3.809847533702850342e-01 3.991741240024566650e-01 1.110366061329841614e-01 -1.311257034540176392e-01 -1.532259881496429443e-01 1.199576929211616516e-01 -2.237613312900066376e-02 -3.599366173148155212e-02 -1.540308892726898193e-01 1.612804979085922241e-01 -2.312023788690567017e-01
9.359539151191711426e-01 -1.506559401750564575e-01 3.515464663505554199e-01 8.595438599586486816e-01 5.279886722564697266e-01 -7.342691421508789062e-01 -3.119098246097564697e-01 -3.192828223109245300e-02 -4.991556406021118164e-01 -6.722176074981689453e-02 9.636288136243820190e-02 -1.764456033706665039e-01 7.081522047519683838e-02 -3.919054567813873291e-02 4.212450385093688965e-01 3.219614923000335693e-01 -7.992270588874816895e-01 -4.140982925891876221e-01 -1.126863583922386169e-01 -8.081592619419097900e-03 4.727990329265594482e-01 9.333228468894958496e-01 7.414069175720214844e-01 -8.195147514343261719e-01 -4.290586113929748535e-01 7.122781872749328613e-01 -6.298162341117858887e-01 -2.295045405626296997e-01 -3.496900498867034912e-01 -3.333689272403717041e-01 -1.745714992284774780e-01 1.011707782745361328e-01 4.005340039730072021e-01 -6.986608505249023438e-01 1.252919994294643402e-02 -3.732120990753173828e-01 1.809480972588062286e-02 7.042526006698608398e-01 4.068574905395507812e-01 1.086112484335899353e-01 -3.171927034854888916e-01 -9.605080634355545044e-02 -2.476159185171127319e-01 5.725423246622085571e-02 5.292273163795471191e-01 6.265066266059875488e-01 -2.169360220432281494e-01 -9.495913237333297729e-02 -4.222438633441925049e-01 -2.277687191963195801e-01 4.097195863723754883e-01 1.093877077102661133e+00 -1.486459523439407349e-01 -2.876596152782440186e-01 -1.122438609600067139e-01 3.830190896987915039e-01 8.151552081108093262e-01 4.579941332340240479e-01 1.853542327880859375e-01 -8.267861790955066681e-03 -5.688386559486389160e-01 -5.972835421562194824e-01 -4.443698823451995850e-01 -7.025492191314697266e-01
1.095330476760864258e+00 -1.930956542491912842e-01 7.170376777648925781e-01 3.290618062019348145e-01 2.247156202793121338e-01 -6.318944096565246582e-01 7.299081087112426758e-01 2.611264288425445557e-01 -1.337461709976196289e+00 -6.705693602561950684e-01 8.448001146316528320e-01 -6.615626811981201172e-01 -6.955827474594116211e-01 -5.469701290130615234e-01 1.516596317291259766e+00 -2.902875542640686035e-01 -6.862576007843017578e-01 -1.243066430091857910e+00 -1.616114228963851929e-01 -3.443166017532348633e-01 7.263598591089248657e-02 1.365971922874450684e+00 -6.952205300331115723e-02 -6.560127735137939453e-01 1.391950249671936035e-01 6.783862113952636719e-01 -2.918400466442108154e-01 -1.656977981328964233e-01 5.893115401268005371e-01 -6.382086277008056641e-01 1.468527317047119141e-01 5.234255790710449219e-01 -3.630468994379043579e-02 -7.137679457664489746e-01 1.179946303367614746e+00 -3.107905387878417969e-01 -1.245974749326705933e-01 2.215057760477066040e-01 -1.987729221582412720e-01 -5.902498494833707809e-03 -2.238497585058212280e-01 1.394389271736145020e+00 -1.265283394604921341e-02 -1.058505654335021973e+00 6.090630888938903809e-01 3.381177186965942383e-01 3.802173733711242676e-01 -2.143556773662567139e-01 -3.844354450702667236e-01 -5.083891749382019043e-01 -9.068773128092288971e-03 6.863806247711181641e-01 1.203112676739692688e-01 1.681471765041351318e-01 4.626289010047912598e-01 -3.327543139457702637e-01 7.735068798065185547e-01 -9.093818068504333496e-01 -4.088047742843627930e-01 4.261945784091949463e-01 -1.275044918060302734e+00 -1.011296436190605164e-01 -3.364865183830261230e-01 4.592750668525695801e-01
1.185581609606742859e-01 1.342441141605377197e-01 4.108226299285888672e-01 7.744615525007247925e-02 5.532341822981834412e-02 -5.433971285820007324e-01 6.373569834977388382e-03 -5.321773514151573181e-02 3.537125885486602783e-02 4.890186190605163574e-01 3.620983362197875977e-01 -4.599238336086273193e-01 6.016167998313903809e-01 4.775138199329376221e-02 1.853662915527820587e-02 -8.837973326444625854e-02 2.896830141544342041e-01 -1.247517415322363377e-03 -5.854811146855354309e-02 3.091091513633728027e-01 1.092970818281173706e-01 -1.595973521471023560e-01 5.517132580280303955e-02 2.841565907001495361e-01 -4.923235476016998291e-01 6.718462109565734863e-01 -6.950767636299133301e-01 -5.118127539753913879e-02 -2.856177985668182373e-01 -4.396584630012512207e-01 -1.157751157879829407e-01 1.304704695940017700e-01 -1.973653286695480347e-01 -1.187205538153648376e-01 -8.325065486133098602e-03 -3.950001895427703857e-01 -1.270660012960433960e-01 -5.604327321052551270e-01 4.193203449249267578e-01 5.890772342681884766e-01 -1.263148933649063110e-01 3.038508594036102295e-01 -3.302395045757293701e-01 -4.610547721385955811e-01 4.681865870952606201e-01 -8.243705630302429199e-01 -3.343446180224418640e-02 4.991623014211654663e-02 3.492170711979269981e-03 2.660849094390869141e-01 -5.634243786334991455e-02 -1.159104984253644943e-02 2.337151169776916504e-01 -7.124293595552444458e-02 1.215605810284614563e-01 8.536531776189804077e-02 8.592721819877624512e-02 -4.015507996082305908e-01 3.224242627620697021e-01 3.289793729782104492e-01 -3.843834698200225830e-01 -8.459139615297317505e-02 -1.549551784992218018e-01 -1.210559085011482239e-01
4.894392192363739014e-01 -6.006628274917602539e-01 3.635098338127136230e-01 -1.542619466781616211e-01 5.059162974357604980e-01 -2.091180384159088135e-01 5.951428413391113281e-01 -1.557255685329437256e-01 -2.261000685393810272e-02 5.179911851882934570e-01 6.686906218528747559e-01 -5.669234395027160645e-01 -8.739161491394042969e-02 4.033140540122985840e-01 3.163151741027832031e-01 3.823969066143035889e-01 -6.185859441757202148e-01 -8.349442481994628906e-01 -7.495105266571044922e-02 -5.776183679699897766e-02 1.265379309654235840e+00 8.732743263244628906e-01 3.167099356651306152e-01 4.222357273101806641e-02 -2.848468720912933350e-01 1.194988846778869629e+00 6.227400526404380798e-02 -4.967240095138549805e-01 -4.224929511547088623e-01 -7.286093235015869141e-01 3.432963192462921143e-01 1.427535116672515869e-01 1.226392462849617004e-01 -6.368688344955444336e-01 1.398069411516189575e-01 -5.902118682861328125e-01 3.590503036975860596e-01 -3.600201606750488281e-01 -6.212314367294311523e-01 1.052060127258300781e-01 -4.033255204558372498e-02 -5.127751827239990234e-01 -5.324636101722717285e-01 -1.016196683049201965e-01 9.408910274505615234e-01 6.659423466771841049e-03 -7.617639899253845215e-01 -5.375929176807403564e-02 5.277974009513854980e-01 1.374377161264419556e-01 6.853692233562469482e-02 -3.111738562583923340e-01 1.421288549900054932e-01 -4.249694198369979858e-02 5.824885964393615723e-01 1.722911298274993896e-01 5.847153067588806152e-01 -5.390963554382324219e-01 -5.972884893417358398e-01 2.599735260009765625e-01 -3.926477432250976562e-01 -1.767426133155822754e-01 1.078753825277090073e-02 4.339367747306823730e-01
2.957524955272674561e-01 -1.330608278512954712e-01 1.556141972541809082e-01 -2.582274079322814941e-01 3.686662316322326660e-01 -3.485751748085021973e-01 3.123842477798461914e-01 -9.923262894153594971e-02 -5.982161164283752441e-01 7.551954388618469238e-01 4.800285995006561279e-01 1.178989093750715256e-02 3.254582583904266357e-01 -2.233694046735763550e-01 2.914586663246154785e-01 -5.619568228721618652e-01 1.930588930845260620e-01 -4.248003959655761719e-01 5.918344855308532715e-01 6.434832513332366943e-02 1.817857921123504639e-01 9.522095322608947754e-01 -9.700266271829605103e-02 2.452034950256347656e-01 -1.817743182182312012e-01 5.660265311598777771e-02 -3.934072554111480713e-01 5.717426538467407227e-01 2.074619233608245850e-01 -4.328161478042602539e-01 -3.264037072658538818e-01 6.380251049995422363e-01 -4.621678292751312256e-01 -1.966960728168487549e-01 -6.186028122901916504e-01 2.810759842395782471e-01 3.388158380985260010e-01 -7.239638268947601318e-02 1.104253605008125305e-01 2.074953019618988037e-01 -1.797323822975158691e-01 -4.920380306430160999e-04 2.900361549109220505e-03 -4.650963246822357178e-01 -1.479079294949769974e-02 -2.337861508131027222e-01 2.005183696746826172e-02 1.322258859872817993e-01 8.227199316024780273e-02 -1.529719382524490356e-01 3.151611387729644775e-01 3.309560939669609070e-02 -2.022293061017990112e-01 -3.130760788917541504e-01 -1.478296518325805664e-02 2.300320416688919067e-01 2.703324854373931885e-01 -3.037036359310150146e-01 -2.164301276206970215e-01 7.741528004407882690e-02 2.768382132053375244e-01 -2.459669411182403564e-01 -1.892987191677093506e-01 6.750011444091796875e-02
-1.790556013584136963e-01 -7.530554383993148804e-02 4.220740497112274170e-01 6.049659103155136108e-02 -4.226433932781219482e-01 -1.357652425765991211e+00 1.686943471431732178e-01 -2.622143030166625977e-01 -5.231702327728271484e-01 1.245493721216917038e-02 5.522190928459167480e-01 -2.646653056144714355e-01 2.828263044357299805e-01 7.571034878492355347e-02 7.494317293167114258e-01 4.724059700965881348e-01 1.206566244363784790e-01 -6.851023435592651367e-01 -6.688883900642395020e-01 -3.137437701225280762e-01 5.197728872299194336e-01 1.682464615441858768e-03 2.527039051055908203e-01 -4.332496523857116699e-01 -3.197392821311950684e-01 1.892876476049423218e-01 1.985717751085758209e-02 6.753654479980468750e-01 -8.456659913063049316e-01 -5.722642540931701660e-01 -4.558343291282653809e-01 -5.405900478363037109e-01 -2.749568521976470947e-01 1.788296103477478027e-01 -5.582545995712280273e-01 2.352652400732040405e-01 -5.995970219373703003e-02 1.129730865359306335e-01 -1.867058500647544861e-02 6.844039261341094971e-02 -5.955233573913574219e-01 5.903744697570800781e-01 -3.448947072029113770e-01 -6.797502189874649048e-02 3.165541291236877441e-01 -4.546506106853485107e-01 3.997967541217803955e-01 -1.297556906938552856e-01 -5.983793139457702637e-01 -7.653470337390899658e-02 2.316925376653671265e-01 -1.108759939670562744e-01 2.881029546260833740e-01 -3.615531027317047119e-01 9.127670526504516602e-01 -6.046059131622314453e-01 2.060056664049625397e-02 9.914486855268478394e-02 -1.911896020174026489e-01 -2.788877189159393311e-01 -1.906793117523193359e-01 -3.193792104721069336e-01 -7.036875933408737183e-02 -3.379808664321899414e-01
-7.779970020055770874e-02 -3.792644739151000977e-01 -2.063319981098175049e-01 1.475069373846054077e-01 1.852618008852005005e-01 7.358421385288238525e-02 1.838934719562530518e-01 -6.675317287445068359e-01 -1.293188929557800293e-01 -3.159678876399993896e-01 6.948011517524719238e-01 -3.401346802711486816e-01 1.925420165061950684e-01 -2.634249329566955566e-01 2.763266265392303467e-01 2.505732476711273193e-01 -1.166163384914398193e-01 -1.383440047502517700e-01 5.549057126045227051e-01 3.708657920360565186e-01 1.468992114067077637e+00 1.838308870792388916e-01 -2.764707505702972412e-01 -1.527407318353652954e-01 -4.146954417228698730e-01 4.650583267211914062e-01 -6.837450861930847168e-01 -1.450767219066619873e-01 -3.190631270408630371e-01 -6.767036020755767822e-02 3.419905900955200195e-02 3.733222186565399170e-01 -4.677084088325500488e-01 9.511155076324939728e-03 3.652206659317016602e-01 -3.053806424140930176e-01 1.097993627190589905e-01 1.216009482741355896e-01 4.314939677715301514e-01 2.499480247497558594e-01 2.953701019287109375e-01 -1.047243103384971619e-01 1.210579723119735718e-01 -3.394605815410614014e-01 8.080410361289978027e-01 -5.708014965057373047e-01 1.379600763320922852e-01 -4.816052690148353577e-02 2.040530145168304443e-01 -3.700258135795593262e-01 3.281381428241729736e-01 -1.769130378961563110e-01 4.974235594272613525e-01 -8.088089525699615479e-02 2.593248784542083740e-01 1.155216917395591736e-01 7.742169499397277832e-01 2.526079118251800537e-01 -1.265818625688552856e-01 -1.499706655740737915e-01 -1.470137834548950195e-01 -4.825285077095031738e-01 7.934377789497375488e-01 -3.784503638744354248e-01
6.791471242904663086e-01 -3.358579576015472412e-01 1.027177333831787109e+00 -1.298873275518417358e-01 -3.064896464347839355e-01 -7.280356884002685547e-01 4.921484738588333130e-02 5.409956574440002441e-01 -4.054079651832580566e-01 5.594803094863891602e-01 6.019998192787170410e-01 -4.336219131946563721e-01 2.888596653938293457e-01 4.143195152282714844e-01 4.232355654239654541e-01 -1.595218107104301453e-02 -2.334335595369338989e-01 -1.615991741418838501e-01 2.716000974178314209e-01 -2.822256684303283691e-01 7.514622807502746582e-01 5.408191084861755371e-01 -2.696187794208526611e-01 1.933983862400054932e-01 -1.077418625354766846e-01 4.693788290023803711e-01 -3.152268528938293457e-01 -9.566478431224822998e-02 3.359116315841674805e-01 5.700097680091857910e-01 -3.486142456531524658e-01 2.189471870660781860e-01 -1.984072290360927582e-02 -9.736886620521545410e-02 3.696231171488761902e-02 -9.209260344505310059e-02 7.657529115676879883e-01 -1.782882362604141235e-01 -1.072231009602546692e-01 -2.319559156894683838e-01 -2.429805546998977661e-01 1.250977963209152222e-01 1.607107520103454590e-01 4.262849390506744385e-01 8.894161581993103027e-01 -1.121645092964172363e+00 6.900566071271896362e-02 -4.257988929748535156e-01 3.621272444725036621e-01 -3.998370766639709473e-01 2.615063488483428955e-01 2.843958735466003418e-01 -7.226795703172683716e-02 -2.292310297489166260e-01 1.500437706708908081e-01 1.612379401922225952e-01 5.551325678825378418e-01 -2.364253848791122437e-01 -3.922809362411499023e-01 1.027562171220779419e-01 -3.725731074810028076e-01 -5.971508026123046875e-01 -3.517164289951324463e-01 -2.676818668842315674e-01
1.152587756514549255e-01 -3.489774763584136963e-01 2.109990119934082031e-01 -3.053494393825531006e-01 8.663903921842575073e-02 -3.801628947257995605e-01 1.490740776062011719e-01 3.550712391734123230e-02 -4.629281759262084961e-01 7.708553075790405273e-01 4.037432968616485596e-01 1.509873569011688232e-01 7.294759899377822876e-02 4.009326398372650146e-01 2.208797186613082886e-01 -2.632869407534599304e-02 2.010391354560852051e-01 -8.004362881183624268e-02 -1.422084309160709381e-02 2.702860236167907715e-01 3.329864740371704102e-01 3.585586547851562500e-01 8.491114526987075806e-02 4.180826619267463684e-02 -1.167252939194440842e-02 2.844368815422058105e-01 -6.416570544242858887e-01 2.774547934532165527e-01 2.852572500705718994e-01 -8.567550033330917358e-02 -2.694512903690338135e-01 3.264124095439910889e-01 2.816282957792282104e-02 3.325076028704643250e-02 -5.429187417030334473e-01 1.031628530472517014e-02 1.141281127929687500e-01 -5.828769803047180176e-01 6.804714351892471313e-02 4.306507706642150879e-01 -1.306644175201654434e-02 9.601166099309921265e-02 -1.745618581771850586e-01 -1.827387511730194092e-01 1.848842948675155640e-01 -4.940256178379058838e-01 7.276913523674011230e-02 -2.630453705787658691e-01 2.754668593406677246e-01 -6.390363574028015137e-01 3.606625199317932129e-01 -3.271200507879257202e-02 2.502005696296691895e-01 -3.119857013225555420e-01 2.911320626735687256e-01 5.508449673652648926e-01 6.975385546684265137e-02 -1.068356037139892578e-01 1.432481557130813599e-01 8.613474667072296143e-02 2.297217100858688354e-01 -4.735319614410400391e-01 -9.826347976922988892e-02 2.053777873516082764e-02
1.937168464064598083e-02 -2.517881393432617188e-01 4.840317666530609131e-01 7.093991339206695557e-02 5.339834466576576233e-02 -5.569095611572265625e-01 1.258994936943054199e-01 -2.115407139062881470e-01 -6.788857579231262207e-01 -1.036685630679130554e-01 6.006755828857421875e-01 6.866001337766647339e-02 2.949969470500946045e-01 -4.438238739967346191e-01 -1.442870795726776123e-01 -6.416527032852172852e-01 -2.419069260358810425e-01 2.182363905012607574e-02 -3.721876740455627441e-01 1.134204640984535217e-01 7.169206440448760986e-02 2.609205245971679688e-01 -4.153180494904518127e-02 -3.365941047668457031e-01 -2.745785713195800781e-01 3.645625710487365723e-01 -4.558714628219604492e-01 5.035554766654968262e-01 -1.501615196466445923e-01 -3.307500481605529785e-01 -3.958335220813751221e-01 1.221150830388069153e-01 -8.955061435699462891e-02 4.170953929424285889e-01 1.867437064647674561e-01 -4.426891207695007324e-01 -2.489154785871505737e-01 -6.491127610206604004e-01 2.401521801948547363e-01 6.020724177360534668e-01 -1.615626737475395203e-02 -2.758988738059997559e-01 6.982820481061935425e-02 -1.838989555835723877e-01 5.375365167856216431e-02 -3.804536163806915283e-01 3.618779778480529785e-01 -1.544589847326278687e-01 1.638130098581314087e-01 -2.186973243951797485e-01 2.095793634653091431e-01 -6.245534494519233704e-02 -1.474836021661758423e-01 1.927875280380249023e-01 8.483806997537612915e-02 -3.930180370807647705e-01 3.622395694255828857e-01 -2.444110959768295288e-01 -2.881549596786499023e-01 4.177739620208740234e-01 1.769889891147613525e-01 -5.868895053863525391e-01 -1.144011691212654114e-01 6.047802418470382690e-02
1.380286216735839844e+00 4.714104235172271729e-01 6.067160889506340027e-02 6.864168643951416016e-01 -3.774012923240661621e-01 -1.239657402038574219e+00 1.203722596168518066e+00 -8.687139153480529785e-01 -5.731998682022094727e-01 -9.474080055952072144e-02 3.823122680187225342e-01 -4.412482380867004395e-01 -5.787953734397888184e-01 -4.130052328109741211e-01 3.946684002876281738e-01 8.889278769493103027e-01 -8.934685587882995605e-01 -3.354734778404235840e-01 -8.942137658596038818e-02 3.962670564651489258e-01 5.694447755813598633e-01 1.459598660469055176e+00 5.367498993873596191e-01 -4.653531312942504883e-01 -4.345541894435882568e-01 6.065806746482849121e-02 -6.289196014404296875e-01 7.045618295669555664e-01 7.132573127746582031e-01 -9.769295901060104370e-02 -9.915579855442047119e-02 1.035730123519897461e+00 -4.326294735074043274e-02 -6.064024567604064941e-01 2.310796529054641724e-01 -1.161438226699829102e+00 -3.852985203266143799e-01 2.907408773899078369e-02 -5.041522905230522156e-02 5.339415073394775391e-01 -1.433116197586059570e-01 -1.638549268245697021e-01 -5.305643081665039062e-01 5.426539182662963867e-01 8.945937156677246094e-01 -2.639147639274597168e-01 -2.986989617347717285e-01 1.153432801365852356e-01 1.533453315496444702e-01 1.921674907207489014e-01 -2.231445014476776123e-01 4.831139445304870605e-01 -7.901505827903747559e-01 -1.409495025873184204e-01 2.142286747694015503e-01 2.770659029483795166e-01 5.910443663597106934e-01 -3.247621357440948486e-01 -2.694234251976013184e-01 -5.932204723358154297e-01 -3.265745341777801514e-01 -2.065061032772064209e-01 8.339927792549133301e-01 1.944039016962051392e-01
8.638329058885574341e-02 -4.182277023792266846e-01 1.803434938192367554e-01 1.026570722460746765e-01 2.558738887310028076e-01 -6.564822793006896973e-01 1.883350610733032227e-01 -2.887712717056274414e-01 -6.528590917587280273e-01 8.425061404705047607e-02 6.339529156684875488e-01 -6.408193707466125488e-02 2.141861170530319214e-01 -2.123700827360153198e-01 1.626639366149902344e-01 -2.773233354091644287e-01 2.952914237976074219e-01 -3.844398856163024902e-01 2.662412226200103760e-01 2.314030677080154419e-01 2.222356051206588745e-01 2.194645255804061890e-01 6.887539476156234741e-02 -1.336781233549118042e-01 -2.098890691995620728e-01 5.268573164939880371e-01 -3.463317453861236572e-01 3.036794662475585938e-01 2.056518346071243286e-01 -7.612017542123794556e-02 8.883788436651229858e-02 -7.878187298774719238e-02 -4.245925545692443848e-01 -4.194557070732116699e-01 -3.008671998977661133e-01 1.394921094179153442e-01 -4.465553760528564453e-01 -2.194415032863616943e-01 9.540550410747528076e-02 7.546874880790710449e-01 -7.510656118392944336e-01 1.547469198703765869e-02 -4.329975228756666183e-03 -4.529030919075012207e-01 1.948773711919784546e-01 -1.855600029230117798e-01 -8.798218518495559692e-02 -2.261567413806915283e-01 2.206040024757385254e-01 -4.671625047922134399e-02 3.521127402782440186e-01 -1.578944921493530273e-01 -2.724745571613311768e-01 -1.033806502819061279e-01 1.886706203222274780e-01 -7.233574390411376953e-01 -4.792974293231964111e-01 7.302167266607284546e-02 3.168554604053497314e-01 2.918550074100494385e-01 1.211155429482460022e-01 -4.609973430633544922e-01 -7.520696148276329041e-03 -1.105837896466255188e-01
3.051828742027282715e-01 -5.907335877418518066e-01 3.801116347312927246e-02 -9.025026559829711914e-01 7.259174436330795288e-02 -4.584186971187591553e-01 1.124598756432533264e-01 2.877496778964996338e-01 -7.594117522239685059e-01 4.860842823982238770e-01 4.501359462738037109e-01 2.017161846160888672e-01 -2.160843908786773682e-01 5.440256595611572266e-01 6.120502352714538574e-01 1.879825741052627563e-01 5.349632725119590759e-02 7.962070703506469727e-01 3.733970224857330322e-01 3.514204025268554688e-01 7.302610874176025391e-01 8.337894082069396973e-01 5.520467162132263184e-01 2.207806259393692017e-01 -3.673801422119140625e-01 3.304721787571907043e-02 -9.046131372451782227e-01 5.255522727966308594e-01 2.893318831920623779e-01 -1.947757452726364136e-01 -2.873245775699615479e-01 5.639415383338928223e-01 4.470558762550354004e-01 -3.921810686588287354e-01 -6.315742135047912598e-01 -1.886949688196182251e-01 1.313271522521972656e-01 -7.320315837860107422e-01 5.704458951950073242e-01 2.685207426548004150e-01 1.130133271217346191e-01 -1.241637691855430603e-01 -1.102565601468086243e-01 -3.575427085161209106e-02 1.385585665702819824e-01 -4.643589258193969727e-01 4.666327238082885742e-01 -2.384643703699111938e-01 1.839800775051116943e-01 -3.937610387802124023e-01 2.627519667148590088e-01 1.821607202291488647e-01 7.881838083267211914e-02 3.499648720026016235e-02 3.895255327224731445e-01 -1.336792558431625366e-01 3.991179466247558594e-01 -1.868728995323181152e-01 3.372606039047241211e-01 4.313640296459197998e-01 -1.012749895453453064e-01 -2.018034905195236206e-01 -4.909180700778961182e-01 -2.296156585216522217e-01
-3.568446040153503418e-01 -7.250420004129409790e-02 3.687598407268524170e-01 4.724383652210235596e-01 1.256763935089111328e-01 -8.603881001472473145e-01 2.412271052598953247e-01 -2.726253569126129150e-01 9.486339986324310303e-02 -1.225547045469284058e-01 5.864069461822509766e-01 2.126043587923049927e-01 2.863247990608215332e-01 -6.824992895126342773e-01 3.269501328468322754e-01 -7.116245627403259277e-01 5.889019966125488281e-01 1.607851237058639526e-01 2.134032920002937317e-02 4.756999015808105469e-01 7.654103040695190430e-01 5.910401940345764160e-01 3.062803447246551514e-01 -2.302633076906204224e-01 -1.038474068045616150e-01 2.350495457649230957e-01 -5.616810321807861328e-01 2.361271977424621582e-01 -2.922434210777282715e-01 -9.647264331579208374e-02 -2.748876810073852539e-01 4.472049474716186523e-01 3.577798604965209961e-02 5.338678956031799316e-01 3.541934490203857422e-01 -9.029033780097961426e-01 2.457149326801300049e-01 -3.919853568077087402e-01 7.387111783027648926e-01 3.639251589775085449e-01 -3.746086657047271729e-01 -1.216641888022422791e-01 -5.539425015449523926e-01 -4.559017717838287354e-01 4.457909762859344482e-01 -4.455717504024505615e-01 2.275193035602569580e-01 1.435105055570602417e-01 -2.626826465129852295e-01 4.714514911174774170e-01 -4.435487687587738037e-01 2.299745231866836548e-01 1.700059771537780762e-01 -4.470466673374176025e-01 6.550037264823913574e-01 2.613545656204223633e-01 1.826949566602706909e-01 -4.720564186573028564e-01 2.737029194831848145e-01 4.345540404319763184e-01 6.076835468411445618e-02 -2.916240692138671875e-01 2.275458723306655884e-01 -8.241556286811828613e-01
1.150003194808959961e+00 -9.085210561752319336e-01 8.511943817138671875e-01 1.043214797973632812e+00 -6.635379195213317871e-01 -5.632817745208740234e-01 3.194855153560638428e-01 -8.075597882270812988e-01 -6.385850310325622559e-01 -8.502542227506637573e-02 4.918437302112579346e-01 2.635426521301269531e-01 -3.719829618930816650e-01 2.832894921302795410e-01 4.425455033779144287e-01 5.327544212341308594e-01 -1.201758027076721191e+00 2.381628453731536865e-01 -6.461702585220336914e-01 -1.291488260030746460e-01 9.533963203430175781e-01 7.823237180709838867e-01 2.428995221853256226e-01 -1.158680677413940430e+00 4.343336224555969238e-01 5.179960727691650391e-01 -9.384810924530029297e-01 1.133563816547393799e-01 7.646647095680236816e-01 -6.414767503738403320e-01 1.319920569658279419e-01 1.959131956100463867e-01 4.583175480365753174e-01 -4.748691022396087646e-01 2.564806863665580750e-02 -9.113821387290954590e-01 -1.465122848749160767e-01 -4.242087304592132568e-01 3.820764645934104919e-02 9.452398419380187988e-01 3.475822508335113525e-01 -3.167695403099060059e-01 2.906443476676940918e-01 3.425078757572919130e-04 1.380936622619628906e+00 -7.189826965332031250e-01 4.826850295066833496e-01 4.437513649463653564e-01 -9.243137240409851074e-01 -3.094310406595468521e-03 -1.944753713905811310e-02 8.618840575218200684e-01 8.797769546508789062e-01 3.439594432711601257e-02 1.144067525863647461e+00 9.154564142227172852e-01 8.151523470878601074e-01 6.444246172904968262e-01 -1.520417779684066772e-01 1.195936918258666992e+00 -1.387302279472351074e+00 -1.051500961184501648e-01 3.652749061584472656e-01 -2.592602372169494629e-01
8.826770782470703125e-01 3.599978685379028320e-01 -6.704936176538467407e-02 8.308199644088745117e-01 -8.947378396987915039e-02 -9.830472469329833984e-01 6.576840281486511230e-01 1.565227061510086060e-01 -8.329045772552490234e-01 -5.711487680673599243e-02 1.026252865791320801e+00 -1.919091641902923584e-01 6.632673144340515137e-01 -4.736589193344116211e-01 1.121899485588073730e+00 9.953094720840454102e-01 -3.886641860008239746e-01 -1.054009675979614258e+00 -1.425413936376571655e-01 -6.853163838386535645e-01 5.456209778785705566e-01 7.724218964576721191e-01 4.774946570396423340e-01 -1.630444638431072235e-02 6.175648048520088196e-02 5.661355257034301758e-01 1.349452883005142212e-01 1.050440594553947449e-01 2.807757258415222168e-02 -5.006511807441711426e-01 -1.726931631565093994e-01 3.264348506927490234e-01 1.132941842079162598e-01 -4.195383787155151367e-01 2.652374207973480225e-01 -5.588287711143493652e-01 6.698566675186157227e-01 3.723698109388351440e-02 2.391974478960037231e-01 6.946869492530822754e-01 4.395800232887268066e-01 -4.069044888019561768e-01 -9.910284541547298431e-03 -4.462962448596954346e-01 1.258973240852355957e+00 2.416988313198089600e-01 2.037232369184494019e-02 -4.433099180459976196e-02 4.441538751125335693e-01 -5.120702087879180908e-02 4.119288325309753418e-01 1.045619845390319824e+00 -2.643558979034423828e-01 3.443642258644104004e-01 3.244542777538299561e-01 -2.868483662605285645e-01 1.210458993911743164e+00 6.027579307556152344e-01 3.936520218849182129e-01 5.589170455932617188e-01 7.906653881072998047e-01 4.285515248775482178e-01 3.453502655029296875e-01 1.195781528949737549e-01
5.118209868669509888e-02 1.132661178708076477e-01 8.083788305521011353e-02 -6.882964968681335449e-01 -4.024350270628929138e-02 -8.130725026130676270e-01 2.536328136920928955e-01 -1.603199839591979980e-01 -5.874956846237182617e-01 3.189630508422851562e-01 1.635858267545700073e-01 2.768457531929016113e-01 -1.113658025860786438e-01 -2.371919304132461548e-01 5.925811529159545898e-01 -5.002638101577758789e-01 2.538399696350097656e-01 4.268769547343254089e-02 2.449239492416381836e-01 -1.464670151472091675e-01 1.463879365473985672e-02 1.101751089096069336e+00 -1.480277627706527710e-01 2.742112874984741211e-01 -1.722320020198822021e-01 5.152714848518371582e-01 -5.916681885719299316e-01 4.306669533252716064e-01 3.564091324806213379e-01 -8.712904453277587891e-01 -3.674817085266113281e-01 2.639293372631072998e-01 -1.899637281894683838e-01 -2.499331682920455933e-01 -6.048015952110290527e-01 1.330673042684793472e-02 5.290544033050537109e-02 -5.418101325631141663e-02 -3.421548008918762207e-01 5.201032161712646484e-01 4.404105544090270996e-01 -6.680306792259216309e-02 -7.499760389328002930e-01 -4.022174775600433350e-01 9.898403882980346680e-01 -1.207677423954010010e-01 -3.581435084342956543e-01 2.343862801790237427e-01 5.025452375411987305e-02 -6.123070716857910156e-01 -7.483132928609848022e-02 1.079742908477783203e+00 -1.909883618354797363e-01 -4.657640159130096436e-01 3.505973219871520996e-01 2.753055393695831299e-01 3.654817938804626465e-01 4.950999617576599121e-01 7.837245240807533264e-03 6.253671646118164062e-02 -4.061369597911834717e-01 -4.099252223968505859e-01 -5.484116822481155396e-02 -1.041057170368731022e-03
-5.954689905047416687e-02 6.099997460842132568e-02 3.241237699985504150e-01 -2.897896468639373779e-01 -2.639889717102050781e-01 -7.189977169036865234e-01 7.037089765071868896e-02 -7.460843026638031006e-02 -9.748116880655288696e-02 3.274803161621093750e-01 6.591460704803466797e-01 1.803381294012069702e-01 3.826231062412261963e-01 1.256096810102462769e-01 7.680699229240417480e-02 -4.471540451049804688e-01 2.129890173673629761e-01 1.401328742504119873e-01 -1.416463591158390045e-02 9.082645177841186523e-02 1.943395100533962250e-02 5.124116539955139160e-01 2.542521059513092041e-02 -1.430253535509109497e-01 -1.185035333037376404e-01 4.387575984001159668e-01 -3.777660131454467773e-01 1.980386823415756226e-01 1.615617722272872925e-01 -4.853993058204650879e-01 -3.026124238967895508e-01 2.586978375911712646e-01 -3.676269054412841797e-01 2.189075946807861328e-01 -6.202453970909118652e-01 -6.033261418342590332e-01 3.041879273951053619e-02 -2.036256343126296997e-01 -7.335758209228515625e-02 4.029607176780700684e-01 4.280515611171722412e-01 -1.108776405453681946e-01 -5.727624297142028809e-01 -7.602080106735229492e-01 2.677076756954193115e-01 -1.568741947412490845e-01 -1.775516271591186523e-01 -4.188196733593940735e-02 -2.896426320075988770e-01 5.078452453017234802e-02 2.835926711559295654e-01 5.229950323700904846e-02 -6.234132125973701477e-02 -1.582641154527664185e-01 4.719102382659912109e-01 -2.195655107498168945e-01 -2.831199020147323608e-02 2.202457049861550331e-03 3.741572499275207520e-01 -1.125746965408325195e-01 -2.310273796319961548e-01 -3.710102438926696777e-01 1.704095602035522461e-01 -4.496859908103942871e-01
2.483013272285461426e-01 -4.732608497142791748e-01 4.128212630748748779e-01 -2.819839119911193848e-01 -3.305969834327697754e-01 -7.376742362976074219e-01 5.443592667579650879e-01 -4.332028701901435852e-02 -2.346325218677520752e-01 3.818504810333251953e-01 6.041867136955261230e-01 1.898308284580707550e-02 3.781679868698120117e-01 2.785160019993782043e-02 3.723848760128021240e-01 2.609460651874542236e-01 2.522171437740325928e-01 -1.048230156302452087e-01 -5.387638807296752930e-01 -3.945523500442504883e-01 3.486178517341613770e-01 1.619104295969009399e-01 1.871573477983474731e-01 -3.909551501274108887e-01 -6.782912015914916992e-01 4.368122220039367676e-01 1.295267343521118164e-01 4.432858824729919434e-01 -3.434179723262786865e-01 -5.819640755653381348e-01 -2.963031530380249023e-01 -2.801089584827423096e-01 -9.811446815729141235e-02 1.305767595767974854e-01 -2.856496274471282959e-01 -1.966598676517605782e-03 -5.606533288955688477e-01 6.041388213634490967e-02 -1.039092615246772766e-01 1.884890943765640259e-01 -5.466317534446716309e-01 3.227925002574920654e-01 -5.136389732360839844e-01 -1.907261312007904053e-01 1.165782511234283447e-01 -8.694854378700256348e-01 1.097321584820747375e-01 -1.414787471294403076e-01 -4.065476357936859131e-01 6.575643271207809448e-02 4.986674189567565918e-01 6.154320389032363892e-02 3.438365459442138672e-01 -4.521101117134094238e-01 1.818582713603973389e-01 -1.506652086973190308e-01 -2.100197076797485352e-01 -2.963868975639343262e-01 -1.036621406674385071e-01 5.988151207566261292e-02 1.703425496816635132e-01 -4.082234203815460205e-01 5.446137860417366028e-02 1.679522395133972168e-01
8.897807002067565918e-01 -1.908398568630218506e-01 7.986850738525390625e-01 6.523074507713317871e-01 4.003961011767387390e-02 -5.254023075103759766e-01 3.472459614276885986e-01 -5.289180874824523926e-01 -1.675158262252807617e+00 -9.166150093078613281e-01 1.015743136405944824e+00 -6.369698047637939453e-01 -6.135560870170593262e-01 -5.066268444061279297e-01 -1.338483393192291260e-01 -4.583805203437805176e-01 -1.956374347209930420e-01 -5.021973252296447754e-01 -3.099525272846221924e-01 3.139234781265258789e-01 5.371538400650024414e-01 3.024030625820159912e-01 -1.833284497261047363e-01 -6.147571802139282227e-01 -7.685994505882263184e-01 7.916641235351562500e-01 -3.667228817939758301e-01 -2.095988243818283081e-01 -2.069592326879501343e-01 -5.990743637084960938e-01 3.247162699699401855e-01 2.513429820537567139e-01 6.526311635971069336e-01 -2.791789472103118896e-01 -4.943863749504089355e-01 -5.177335739135742188e-01 3.789245486259460449e-01 1.685722470283508301e-01 2.275316119194030762e-01 6.468511223793029785e-01 5.926870107650756836e-01 -4.223659634590148926e-01 -2.594028413295745850e-01 4.618180394172668457e-01 9.429979324340820312e-01 -1.379929929971694946e-01 1.892839670181274414e-01 -3.463050425052642822e-01 -6.619895808398723602e-03 -1.304056048393249512e-01 -3.989327251911163330e-01 6.482090353965759277e-01 -6.965695023536682129e-01 2.584116905927658081e-02 5.529134273529052734e-01 -3.619612753391265869e-01 7.283846735954284668e-01 4.413862526416778564e-01 -5.729724168777465820e-01 3.776327520608901978e-02 1.690291613340377808e-01 6.056491732597351074e-01 -4.977884292602539062e-01 2.059455215930938721e-01
2.416572421789169312e-01 -3.484184667468070984e-02 1.939409971237182617e-01 4.793319106101989746e-01 6.442146003246307373e-02 -8.871017098426818848e-01 1.735987812280654907e-01 -2.004449963569641113e-01 -2.205635458230972290e-01 1.485896110534667969e-01 6.424492597579956055e-01 4.186989963054656982e-01 2.591186165809631348e-01 -1.463134288787841797e-01 5.037800073623657227e-01 -8.525773882865905762e-01 3.401091396808624268e-01 7.388405501842498779e-02 -7.232792675495147705e-02 2.252624034881591797e-01 3.788575530052185059e-01 6.150944828987121582e-01 -5.100867152214050293e-01 -1.868383288383483887e-01 -1.360038816928863525e-01 6.938166022300720215e-01 -5.195560455322265625e-01 3.111417889595031738e-01 -9.215842932462692261e-02 -2.112132012844085693e-01 -9.530625492334365845e-02 4.184094965457916260e-01 -2.656738162040710449e-01 1.375841349363327026e-01 -3.517552465200424194e-02 -5.324617624282836914e-01 -4.359153099358081818e-03 3.718249201774597168e-01 6.274034380912780762e-01 5.228123664855957031e-01 3.286481648683547974e-02 6.602702662348747253e-03 2.499851584434509277e-01 -2.371016889810562134e-01 2.462741583585739136e-01 -1.273409575223922729e-01 -2.182297259569168091e-01 6.566753983497619629e-01 3.542362749576568604e-01 4.201256632804870605e-01 2.361736148595809937e-01 -1.201245933771133423e-01 3.425745069980621338e-01 4.545219540596008301e-01 2.318034321069717407e-01 3.920899331569671631e-01 -3.102886676788330078e-01 -2.345712482929229736e-01 3.761306032538414001e-02 4.868030250072479248e-01 1.117302626371383667e-01 -2.583175897598266602e-01 1.636727452278137207e-01 -2.193422168493270874e-01
1.178372874855995178e-01 -1.888957917690277100e-01 -1.153010316193103790e-02 -5.801273882389068604e-02 1.994163095951080322e-01 -3.404414951801300049e-01 2.055824995040893555e-01 -2.758734524250030518e-01 -5.208021998405456543e-01 4.278801083564758301e-01 6.511683464050292969e-01 8.437041193246841431e-02 -1.026166230440139771e-01 3.308964073657989502e-01 5.361886620521545410e-01 -3.999804258346557617e-01 -3.999842703342437744e-02 -9.324329346418380737e-02 1.709873080253601074e-01 -2.777192890644073486e-01 4.660767614841461182e-01 5.167387127876281738e-01 -2.234294116497039795e-01 -9.664990007877349854e-02 -2.442276477813720703e-01 5.403361320495605469e-01 -9.350164979696273804e-02 1.970449984073638916e-01 -5.142719298601150513e-02 -5.839377045631408691e-01 -3.013877570629119873e-01 3.743441700935363770e-01 8.101873844861984253e-02 -3.795092105865478516e-01 -2.909795045852661133e-01 3.649914860725402832e-01 -1.796262562274932861e-01 8.030119538307189941e-02 1.020595654845237732e-01 -1.039787679910659790e-01 9.909084439277648926e-02 6.711004674434661865e-02 -5.157814621925354004e-01 2.463955059647560120e-02 6.906920671463012695e-01 -4.262041449546813965e-01 -5.212818086147308350e-02 -2.968895137310028076e-01 -3.028685785830020905e-02 1.137956827878952026e-01 9.211519360542297363e-01 -3.769906461238861084e-01 3.900031745433807373e-01 -6.901900470256805420e-02 2.664491832256317139e-01 1.844878047704696655e-01 2.398827373981475830e-01 -6.745539307594299316e-01 -1.883243024349212646e-01 3.069150745868682861e-01 6.829277873039245605e-01 -3.213870227336883545e-01 -2.529056072235107422e-01 1.124572232365608215e-01
5.140876770019531250e-01 -7.369555234909057617e-01 -7.288727909326553345e-02 2.070316076278686523e-01 9.737127274274826050e-02 -8.124734163284301758e-01 2.721898257732391357e-01 -1.794923283159732819e-02 -7.027114033699035645e-01 3.604663014411926270e-01 8.854086995124816895e-01 -4.142957031726837158e-01 -2.997660040855407715e-01 -1.230747401714324951e-01 -8.696500211954116821e-03 5.238056778907775879e-01 -1.044113710522651672e-01 -1.308506608009338379e+00 4.069174230098724365e-01 1.154691874980926514e-01 -2.129462510347366333e-01 6.758726239204406738e-01 1.482535898685455322e-01 -5.924595594406127930e-01 3.664537966251373291e-01 7.067459821701049805e-01 -8.364544510841369629e-01 5.616607069969177246e-01 1.089114397764205933e-01 -2.085034400224685669e-01 -5.779057741165161133e-01 8.216896653175354004e-02 -1.340225189924240112e-01 -5.189476609230041504e-01 -1.819974780082702637e-01 -2.173419743776321411e-01 -6.853732466697692871e-01 1.587103605270385742e-01 -1.655433475971221924e-01 8.834105134010314941e-01 -8.979675173759460449e-01 3.425876498222351074e-01 2.003801167011260986e-01 -2.912359237670898438e-01 4.854675829410552979e-01 2.149866372346878052e-01 4.183878302574157715e-01 -2.950428128242492676e-01 9.219599366188049316e-01 5.125861167907714844e-01 2.345276065170764923e-02 1.949250996112823486e-01 -5.625912547111511230e-01 -2.010533809661865234e-01 5.300719141960144043e-01 -6.562052965164184570e-01 -2.065696753561496735e-02 -4.780439194291830063e-03 5.345464125275611877e-02 6.703412532806396484e-01 -1.635301560163497925e-01 -7.111350893974304199e-01 5.463224649429321289e-01 -4.066456854343414307e-01
-2.043286859989166260e-01 9.104211628437042236e-02 8.073172569274902344e-01 6.803529262542724609e-01 4.360437989234924316e-01 -8.543022274971008301e-01 7.820428609848022461e-01 -1.493227928876876831e-01 -4.787373840808868408e-01 -1.402913630008697510e-01 1.477307081222534180e-01 1.630548983812332153e-01 -4.936586916446685791e-01 1.103534549474716187e-01 2.202219367027282715e-01 6.731374263763427734e-01 -1.039914727210998535e+00 -2.779119312763214111e-01 3.063718676567077637e-01 -2.497604675590991974e-02 4.316662549972534180e-01 5.118203759193420410e-01 3.770072758197784424e-01 -6.552051305770874023e-01 1.051048003137111664e-02 1.506681144237518311e-01 -2.304860949516296387e-02 1.318786889314651489e-01 -4.349026381969451904e-01 1.015364844352006912e-02 4.451743960380554199e-01 3.964833319187164307e-01 -6.269717961549758911e-02 -8.837616443634033203e-01 2.143054967746138573e-03 -3.913929685950279236e-02 2.816333472728729248e-01 5.362749695777893066e-01 2.987353131175041199e-02 1.294404268264770508e-01 6.051788330078125000e-01 5.269980430603027344e-01 -4.627592563629150391e-01 -3.684333562850952148e-01 2.760720252990722656e-01 -1.513999402523040771e-01 2.110126465559005737e-01 2.371080517768859863e-01 1.690163165330886841e-01 -1.878874003887176514e-01 9.020595252513885498e-02 9.433640837669372559e-01 -6.196719408035278320e-01 -4.632309824228286743e-02 2.549950480461120605e-01 -1.555140037089586258e-02 8.856848478317260742e-01 1.904956623911857605e-02 -1.679572314023971558e-01 6.849625706672668457e-01 -3.829910159111022949e-01 -5.625973343849182129e-01 -2.586585581302642822e-01 -7.012308835983276367e-01
8.602079153060913086e-01 1.119244396686553955e-01 1.354217410087585449e+00 9.797346591949462891e-02 3.305219113826751709e-02 -4.045170843601226807e-01 3.269868195056915283e-01 -5.775894597172737122e-02 -1.318274617195129395e+00 -8.028073310852050781e-01 4.137471020221710205e-01 -3.930909633636474609e-01 3.685626089572906494e-01 3.714008927345275879e-01 8.154656887054443359e-01 -1.752247959375381470e-01 -1.309116482734680176e+00 -6.493151932954788208e-02 -8.182310312986373901e-02 -2.451788187026977539e-01 9.915564656257629395e-01 7.936087846755981445e-01 6.104226708412170410e-01 -2.667401134967803955e-01 -3.995942175388336182e-01 1.089893102645874023e+00 -2.747744321823120117e-01 1.181562781333923340e+00 6.047964841127395630e-02 3.941697627305984497e-02 -1.119790822267532349e-01 -2.913771010935306549e-02 -1.048900932073593140e-01 -6.158186197280883789e-01 -6.393782794475555420e-02 -8.227291703224182129e-01 -2.935531549155712128e-02 5.806783437728881836e-01 -4.313353598117828369e-01 5.441374778747558594e-01 2.812330722808837891e-01 6.768414378166198730e-01 -5.010478496551513672e-01 -1.225384399294853210e-01 9.239115118980407715e-01 6.339998841285705566e-01 5.500760674476623535e-01 -3.559182882308959961e-01 7.320777326822280884e-02 -2.443998306989669800e-01 -1.530261337757110596e-01 4.302150905132293701e-01 1.266405433416366577e-01 1.348803639411926270e-01 8.181278705596923828e-01 6.639897823333740234e-01 -2.939734160900115967e-01 4.252689480781555176e-01 -8.712262511253356934e-01 6.348906457424163818e-02 -4.613192379474639893e-01 2.458499073982238770e-01 5.952985882759094238e-01 -1.201881095767021179e-01
-5.234223976731300354e-02 -1.857705973088741302e-02 6.814384460449218750e-01 6.823877692222595215e-01 -2.725217044353485107e-01 -6.809020638465881348e-01 8.785597681999206543e-01 5.449465941637754440e-03 -7.365459799766540527e-01 -3.522891104221343994e-01 5.134221315383911133e-01 -2.976846396923065186e-01 -7.371443510055541992e-01 2.642560601234436035e-01 -3.290015459060668945e-01 3.679814040660858154e-01 -5.996996760368347168e-01 -2.511454820632934570e-01 3.487610071897506714e-02 -1.396050751209259033e-01 9.418358802795410156e-01 5.266652703285217285e-01 1.344736665487289429e-01 -3.730583190917968750e-01 2.547675073146820068e-01 8.087953925132751465e-02 1.554149538278579712e-01 3.414964675903320312e-01 -3.064042627811431885e-01 -3.900602459907531738e-01 8.296885341405868530e-02 5.727459192276000977e-01 -4.165292903780937195e-02 -8.675751686096191406e-01 1.422093510627746582e-01 -1.013478450477123260e-02 3.412845134735107422e-01 4.693384096026420593e-02 -5.876262113451957703e-02 1.173738911747932434e-01 2.372451573610305786e-01 7.686232328414916992e-01 -6.135307550430297852e-01 -3.154439032077789307e-01 3.668401837348937988e-01 -1.111493110656738281e-01 -1.015866640955209732e-02 6.157165169715881348e-01 4.644286930561065674e-01 -2.754851281642913818e-01 -7.194183021783828735e-02 1.172672510147094727e+00 -2.982948422431945801e-01 4.594163596630096436e-02 4.298084378242492676e-01 -1.894276440143585205e-01 5.320833921432495117e-01 -1.993309855461120605e-01 -1.305765360593795776e-01 6.449639201164245605e-01 -3.171048164367675781e-01 6.414372473955154419e-02 3.066848218441009521e-01 -5.937641263008117676e-01
