8.203443288803100586e-01 -2.667022347450256348e-01 7.099300026893615723e-01 7.642114162445068359e-01 2.507551610469818115e-01 -9.748107194900512695e-01 3.727753162384033203e-01 -2.696672081947326660e-01 -5.891652703285217285e-01 -4.666938483715057373e-01 -6.635744571685791016e-01 -2.278817594051361084e-01 -2.522718310356140137e-01 5.202324315905570984e-02 -1.857832223176956177e-01 1.243566051125526428e-01 -6.705081462860107422e-02 6.866823434829711914e-01 -1.226544827222824097e-01 3.326216042041778564e-01 -6.539207696914672852e-02 9.803045392036437988e-01 -2.151898890733718872e-01 -3.727737069129943848e-01 -4.849070608615875244e-01 -2.068447470664978027e-01 3.314238488674163818e-01 -1.959437876939773560e-01 -3.342827856540679932e-01 -3.404079973697662354e-01 -6.555389165878295898e-01 5.809617042541503906e-01 -4.405098259449005127e-01 -5.288085341453552246e-01 -1.285539388656616211e+00 -3.052152097225189209e-01 -1.014318019151687622e-01 8.157193064689636230e-01 -1.492128968238830566e-01 5.554793477058410645e-01 -2.863611876964569092e-01 -8.571066707372665405e-02 -3.262550532817840576e-01 4.861496686935424805e-01 3.282945752143859863e-01 -1.858889311552047729e-02 -1.564519107341766357e-01 2.337748706340789795e-01 -2.857253849506378174e-01 8.812959492206573486e-02 -3.453443646430969238e-01 6.505051851272583008e-01 5.278431773185729980e-01 5.350553393363952637e-01 -4.411369264125823975e-01 2.043597251176834106e-01 3.016984760761260986e-01 -3.969094157218933105e-01 -4.052783846855163574e-01 -4.896687865257263184e-01 4.785040020942687988e-01 -8.755206316709518433e-02 5.365036129951477051e-01 1.164238825440406799e-01
4.076423346996307373e-01 2.997090220451354980e-01 4.747098386287689209e-01 -4.848739802837371826e-01 1.453313231468200684e-01 -1.772669106721878052e-01 2.893305420875549316e-01 -1.157396212220191956e-01 5.923413857817649841e-02 -3.102948665618896484e-01 -1.213103383779525757e-01 -2.262267172336578369e-01 1.899839751422405243e-02 5.192757770419120789e-02 3.060645759105682373e-01 1.544447243213653564e-02 -3.799316659569740295e-02 1.469355076551437378e-01 -2.675189450383186340e-02 2.240397632122039795e-01 8.546559512615203857e-02 4.367283880710601807e-01 1.078507117927074432e-02 -6.270296871662139893e-02 2.844960987567901611e-01 7.857453227043151855e-01 -2.090165019035339355e-01 -3.473821580410003662e-01 -1.629661917686462402e-01 -6.482861042022705078e-01 2.608168423175811768e-01 1.281133592128753662e-01 -7.350540757179260254e-01 -3.308765888214111328e-01 -2.568938136100769043e-01 -2.607401013374328613e-01 -3.811744749546051025e-01 1.510299742221832275e-01 3.320490568876266479e-02 -3.272811770439147949e-01 -1.354063153266906738e-01 1.247511245310306549e-02 -1.240297406911849976e-01 -1.425310969352722168e-01 6.366562843322753906e-02 -3.558896780014038086e-01 -3.284208774566650391e-01 -5.224957466125488281e-01 5.448710918426513672e-01 1.571711748838424683e-01 -6.856054812669754028e-02 2.733527719974517822e-01 4.797464013099670410e-01 5.538257956504821777e-01 -4.096671044826507568e-01 3.753672540187835693e-01 -4.959456026554107666e-01 -2.692210972309112549e-01 -7.009465098381042480e-01 8.679771423339843750e-02 -4.460330680012702942e-02 -6.015743017196655273e-01 -2.577448785305023193e-01 -7.786177843809127808e-02
3.641245961189270020e-01 -1.900057047605514526e-01 1.228622198104858398e+00 -5.287443399429321289e-01 1.397071182727813721e-01 -7.574647665023803711e-01 -2.089334279298782349e-01 2.092629373073577881e-01 -6.764084696769714355e-01 -8.821661770343780518e-02 -4.458541572093963623e-01 -5.708205103874206543e-01 -6.896455883979797363e-01 -4.205372333526611328e-01 1.243985891342163086e-01 6.820703297853469849e-02 4.382872879505157471e-01 8.308240026235580444e-02 -8.710229396820068359e-02 7.803759574890136719e-01 5.803964138031005859e-01 2.075462788343429565e-01 -2.711214423179626465e-01 2.213210761547088623e-01 -6.595184206962585449e-01 4.484533667564392090e-01 -6.465554833412170410e-01 -1.170455887913703918e-01 1.219844892621040344e-01 -4.017102122306823730e-01 -3.977876901626586914e-01 7.486788630485534668e-01 -3.631601333618164062e-01 -1.710354387760162354e-01 3.986653387546539307e-01 -3.139401376247406006e-01 2.587877213954925537e-01 1.554548144340515137e-01 -4.161434769630432129e-01 3.125198781490325928e-01 3.154634535312652588e-01 1.148888170719146729e-01 -3.671040385961532593e-02 1.344680935144424438e-01 -4.699233174324035645e-01 -6.439807265996932983e-02 3.871770501136779785e-01 -7.260361313819885254e-01 -6.988848745822906494e-02 3.244221508502960205e-01 2.956004999577999115e-02 8.721423894166946411e-02 8.471271395683288574e-01 2.110767178237438202e-02 2.598225176334381104e-01 2.925984561443328857e-01 -2.247336357831954956e-01 2.807812988758087158e-01 1.197979226708412170e-01 8.156597614288330078e-02 9.758435934782028198e-02 -1.094208806753158569e-01 3.252436220645904541e-01 8.645153604447841644e-03
3.405725359916687012e-01 -8.867412805557250977e-02 4.821412861347198486e-01 -5.561008453369140625e-01 3.418011665344238281e-01 -5.506505370140075684e-01 7.181365042924880981e-02 3.358832895755767822e-01 -6.525825709104537964e-03 -3.478508889675140381e-01 -2.385529875755310059e-01 -4.572427272796630859e-01 -7.995587587356567383e-01 9.186450042761862278e-04 -4.321198165416717529e-02 -2.324051707983016968e-01 2.149142324924468994e-01 2.014587372541427612e-01 1.691806875169277191e-02 4.245671331882476807e-01 1.812187880277633667e-01 6.592990458011627197e-02 1.687225848436355591e-01 3.532774373888969421e-02 3.795145079493522644e-02 8.059740662574768066e-01 -7.397570461034774780e-02 -6.599788367748260498e-02 5.384769663214683533e-02 -4.647432565689086914e-01 -3.072191029787063599e-02 3.668801784515380859e-01 -6.040915250778198242e-01 3.109463490545749664e-03 6.925736367702484131e-02 1.121444255113601685e-02 -1.069842129945755005e-01 1.478610634803771973e-01 -2.180217206478118896e-01 -2.913051843643188477e-01 -2.294263988733291626e-01 7.416844367980957031e-02 -1.164891123771667480e-01 -1.823428422212600708e-01 4.424648582935333252e-01 -2.355508357286453247e-01 1.243021488189697266e-01 -4.310713112354278564e-01 1.372716873884201050e-01 6.512159854173660278e-02 -2.209386527538299561e-01 -3.831542134284973145e-01 5.537635087966918945e-01 6.029156446456909180e-01 3.438552618026733398e-01 5.104336738586425781e-01 -2.622359395027160645e-01 -2.383929342031478882e-01 -7.816953957080841064e-02 4.206087589263916016e-01 3.548782691359519958e-02 -3.333115577697753906e-01 2.355282008647918701e-01 7.557822763919830322e-02
-1.856608688831329346e-01 -2.214502692222595215e-01 -1.294238716363906860e-01 5.264846682548522949e-01 6.555396318435668945e-01 -3.230820000171661377e-01 1.400149762630462646e-01 4.494010806083679199e-01 2.478201091289520264e-01 -2.255484908819198608e-01 2.325674295425415039e-01 -1.951876431703567505e-01 -4.256781935691833496e-01 -4.544411599636077881e-01 1.136635392904281616e-01 4.330939054489135742e-01 -1.365954056382179260e-02 -2.294801622629165649e-01 -2.498541921377182007e-01 7.328287959098815918e-01 -4.729851782321929932e-01 -1.950025409460067749e-01 -5.405169352889060974e-02 -5.591811537742614746e-01 -1.702306717634201050e-01 1.782414764165878296e-01 -6.287643313407897949e-01 -3.588769435882568359e-01 -3.359086811542510986e-01 2.043994702398777008e-02 -3.461571037769317627e-01 2.111621648073196411e-01 -9.255374670028686523e-01 1.502036750316619873e-01 1.436009258031845093e-01 -4.511549323797225952e-02 -7.740898132324218750e-01 8.355830609798431396e-02 9.140676818788051605e-03 -1.032835543155670166e-01 -7.829606533050537109e-01 2.255935966968536377e-01 3.308597486466169357e-03 -7.260453701019287109e-01 8.723205327987670898e-02 -1.975015848875045776e-01 -5.355813503265380859e-01 -1.868012845516204834e-01 -1.617113202810287476e-01 1.861138939857482910e-01 3.834567368030548096e-01 5.280633568763732910e-01 1.097611665725708008e+00 4.586125612258911133e-01 -2.929114401340484619e-01 5.592486262321472168e-01 -1.562895476818084717e-01 3.969134390354156494e-02 -2.262134402990341187e-01 4.317849576473236084e-01 5.431444942951202393e-02 6.130206584930419922e-02 -2.174398303031921387e-01 3.433972597122192383e-01
6.367352008819580078e-01 -6.435554027557373047e-01 6.260970234870910645e-01 7.153446078300476074e-01 1.315985918045043945e+00 -7.388171553611755371e-01 -1.221105009317398071e-01 3.048351705074310303e-01 -6.361923813819885254e-01 -1.238950371742248535e+00 2.239624410867691040e-01 -3.908770382404327393e-01 4.119833186268806458e-02 -4.897984266281127930e-01 -3.247938752174377441e-01 1.193493008613586426e+00 -7.848241329193115234e-01 -6.457452774047851562e-01 1.137969270348548889e-01 1.416603565216064453e+00 6.066471338272094727e-01 -7.249344885349273682e-02 9.744065999984741211e-02 -1.290409564971923828e+00 -7.480076551437377930e-01 -4.714740067720413208e-02 -7.111003398895263672e-01 -3.449330925941467285e-01 1.658638268709182739e-01 -4.811484813690185547e-01 6.396457552909851074e-02 1.085292458534240723e+00 1.001155823469161987e-01 -2.237632125616073608e-01 -8.718781471252441406e-01 -6.126020550727844238e-01 6.361382007598876953e-01 2.609755992889404297e-01 4.831840395927429199e-01 1.830399781465530396e-01 1.149577200412750244e-01 -6.711438298225402832e-01 9.094910621643066406e-01 -1.632627844810485840e-01 6.687173247337341309e-01 -1.420897245407104492e-01 -5.466674566268920898e-01 -1.119642734527587891e+00 3.452986180782318115e-01 4.464575648307800293e-02 -5.460334420204162598e-01 9.814298152923583984e-02 -1.899223476648330688e-01 1.035236835479736328e+00 7.685601711273193359e-01 -1.640446931123733521e-01 -2.670049369335174561e-01 7.892691344022750854e-02 -8.406688570976257324e-01 -4.322536289691925049e-01 1.087911248207092285e+00 2.357914745807647705e-01 -3.064295351505279541e-01 3.616108596324920654e-01
5.887545943260192871e-01 -3.876020014286041260e-02 2.583162784576416016e-01 6.863359361886978149e-02 2.631687819957733154e-01 -7.398546934127807617e-01 2.009864151477813721e-01 5.487667024135589600e-02 -2.962206304073333740e-01 -2.815350294113159180e-01 -5.600354671478271484e-01 -1.756564825773239136e-01 -2.227385789155960083e-01 2.901764512062072754e-01 -3.454149067401885986e-01 -4.175600036978721619e-02 -1.206021010875701904e-01 6.075645685195922852e-01 -1.976009756326675415e-01 1.194204464554786682e-01 -2.059705406427383423e-01 7.930526733398437500e-01 1.700959056615829468e-01 -1.440890729427337646e-01 2.710497081279754639e-01 4.001049995422363281e-01 2.948594093322753906e-01 -2.370806410908699036e-02 -1.178447380661964417e-01 -3.959082663059234619e-01 -2.897670567035675049e-01 4.746143221855163574e-01 -7.034945487976074219e-01 -2.397042363882064819e-01 -1.013362050056457520e+00 -1.373886615037918091e-01 -2.578408420085906982e-01 2.045819759368896484e-01 -2.236854583024978638e-01 5.655446648597717285e-01 -1.457989364862442017e-01 -5.377292633056640625e-01 -3.060002326965332031e-01 -1.533018350601196289e-01 2.061758376657962799e-02 -5.569976568222045898e-01 7.198318094015121460e-02 1.327658593654632568e-01 -1.232892200350761414e-01 -2.507514655590057373e-01 -1.728978604078292847e-01 4.916122555732727051e-01 2.337406277656555176e-01 9.322643876075744629e-01 -2.202507406473159790e-01 3.560001254081726074e-01 3.828970491886138916e-01 -4.269104599952697754e-01 -4.841518998146057129e-01 -1.650943607091903687e-01 1.699447482824325562e-01 -3.083334863185882568e-01 -1.894553005695343018e-01 2.702719271183013916e-01
-1.099391467869281769e-02 5.537579655647277832e-01 6.891052126884460449e-01 4.099976420402526855e-01 1.127099543809890747e-01 -7.114850878715515137e-01 -1.939234286546707153e-01 -5.834993124008178711e-01 2.192878872156143188e-01 -1.001823782920837402e+00 -1.112808659672737122e-01 -3.691338896751403809e-01 -6.129120588302612305e-01 -7.662951946258544922e-01 1.974357366561889648e-01 1.555799692869186401e-01 1.124290004372596741e-01 -5.178129076957702637e-01 4.947260618209838867e-01 5.928360223770141602e-01 5.437641143798828125e-01 5.444406270980834961e-01 -3.348496928811073303e-02 -2.445444837212562561e-02 4.378433525562286377e-01 -4.542114138603210449e-01 -5.922192931175231934e-01 -7.987216114997863770e-03 9.054733514785766602e-01 -7.397007197141647339e-02 -7.644022107124328613e-01 9.693263173103332520e-01 -2.717417180538177490e-01 4.723198413848876953e-01 5.965334549546241760e-02 -8.769705891609191895e-01 -7.584208846092224121e-01 4.469117224216461182e-01 5.956799387931823730e-01 8.470764756202697754e-01 4.049078822135925293e-01 -3.476931452751159668e-01 5.824093818664550781e-01 -1.349601745605468750e+00 -2.876497805118560791e-01 -6.027635931968688965e-01 -6.413677334785461426e-02 2.324296683073043823e-01 -3.658214509487152100e-01 -3.262112736701965332e-01 2.679220736026763916e-01 1.365153193473815918e-01 1.100206613540649414e+00 -2.953469194471836090e-02 8.493031375110149384e-03 8.549121618270874023e-01 -6.611026078462600708e-02 -4.154008328914642334e-01 -7.621854543685913086e-02 -8.968278169631958008e-01 -1.423051301389932632e-02 -3.858124315738677979e-01 4.623769521713256836e-01 1.764305531978607178e-01
2.601320743560791016e-01 -3.235715925693511963e-01 3.364904224872589111e-01 2.478959113359451294e-01 -1.216581538319587708e-01 -3.020618259906768799e-01 -2.513610422611236572e-01 -2.198553234338760376e-01 -1.032135248184204102e+00 -1.185857355594635010e-01 -1.339713670313358307e-02 -9.693187475204467773e-01 -7.617986202239990234e-01 1.931457072496414185e-01 -9.360396116971969604e-02 5.480431318283081055e-01 -1.028327718377113342e-01 -5.054823756217956543e-01 -1.922459453344345093e-01 1.058639049530029297e+00 7.478065490722656250e-01 1.098643392324447632e-01 -2.416570335626602173e-01 -4.828952252864837646e-01 -5.877857208251953125e-01 -4.926687777042388916e-01 -9.205883145332336426e-01 -4.334895312786102295e-02 6.741824746131896973e-02 -4.912508726119995117e-01 -3.152789771556854248e-01 8.669762015342712402e-01 -3.692051395773887634e-02 -1.486156731843948364e-01 -4.288813844323158264e-02 -1.067615270614624023e+00 -7.439794391393661499e-02 -2.426613420248031616e-01 7.870968431234359741e-02 7.568682730197906494e-02 5.318314433097839355e-01 -5.743163451552391052e-02 -3.117578923702239990e-01 -4.452263712882995605e-01 -8.366094231605529785e-01 -3.839979171752929688e-01 5.005901455879211426e-01 -7.012499570846557617e-01 -2.423982173204421997e-01 -7.382465060800313950e-03 9.323935955762863159e-03 5.270924568176269531e-01 4.422477781772613525e-01 6.804666668176651001e-02 -1.446023583412170410e-02 2.817424833774566650e-01 3.337568640708923340e-01 6.662559509277343750e-02 -4.476273357868194580e-01 6.718755364418029785e-01 5.126211643218994141e-01 -7.892062067985534668e-01 1.013637900352478027e+00 5.958856940269470215e-01
4.727968275547027588e-01 -1.269853413105010986e-01 5.707475543022155762e-01 4.608867168426513672e-01 8.262162804603576660e-01 -6.623544692993164062e-01 -5.924174785614013672e-01 -1.015563488006591797e+00 2.218311652541160583e-02 -9.516602158546447754e-01 -5.664779990911483765e-02 -7.047510147094726562e-01 3.105736076831817627e-01 -8.136832118034362793e-01 -2.961484789848327637e-01 1.073684692382812500e+00 8.685950934886932373e-02 -2.736975848674774170e-01 1.164360642433166504e-01 8.613679409027099609e-01 1.873952299356460571e-01 -1.765701472759246826e-01 6.048321723937988281e-01 -2.799385488033294678e-01 -2.269140630960464478e-01 -1.046716570854187012e-01 -7.785852998495101929e-03 -5.755518078804016113e-01 6.784378290176391602e-01 -1.101876422762870789e-01 -5.793070197105407715e-01 1.360583662986755371e+00 -7.771840095520019531e-01 -6.127161979675292969e-01 -2.707043588161468506e-01 1.545406281948089600e-01 -6.362998485565185547e-01 -8.994159102439880371e-01 4.511872529983520508e-01 2.720670402050018311e-01 3.141249716281890869e-01 -4.334113299846649170e-01 5.729379653930664062e-01 -2.748695909976959229e-01 -5.326955113559961319e-03 1.058207869529724121e+00 -1.947152763605117798e-01 -4.961295425891876221e-02 2.246412336826324463e-01 -8.661387562751770020e-01 -1.063947319984436035e+00 7.707126140594482422e-01 1.496276021003723145e+00 3.707493841648101807e-01 5.940442681312561035e-01 2.329411804676055908e-01 -2.282679677009582520e-01 -4.822464287281036377e-01 -5.936062335968017578e-01 -9.285467863082885742e-02 7.981981039047241211e-01 -1.060215353965759277e+00 4.384992420673370361e-01 8.781719952821731567e-02
9.703937172889709473e-01 4.125593006610870361e-01 -1.976981163024902344e-01 -1.410892456769943237e-01 2.125330716371536255e-01 -6.662325859069824219e-01 -1.305578500032424927e-01 8.497867584228515625e-01 -2.253032773733139038e-01 -6.670119166374206543e-01 -3.174686431884765625e-01 -1.422516256570816040e-01 2.096438258886337280e-01 1.191365644335746765e-01 -5.538081750273704529e-02 -2.478011138737201691e-02 2.353950887918472290e-01 8.251876570284366608e-03 3.300803303718566895e-01 -1.120206713676452637e-01 2.761665880680084229e-01 2.061922997236251831e-01 3.017931282520294189e-01 -4.872045218944549561e-01 -2.411220222711563110e-01 4.848063457757234573e-03 -1.592801213264465332e-01 -8.003973960876464844e-01 3.084419965744018555e-01 7.320249080657958984e-02 -3.453986644744873047e-01 6.924218535423278809e-01 -4.828909039497375488e-01 -3.274884223937988281e-01 1.946588754653930664e-01 7.337254285812377930e-02 -7.219143509864807129e-01 -3.063200414180755615e-02 3.751790225505828857e-01 1.943840831518173218e-02 -4.280121028423309326e-01 4.857994019985198975e-01 -1.104943901300430298e-01 -2.920817956328392029e-02 -6.614243611693382263e-04 -4.627670049667358398e-01 -6.527350544929504395e-01 -5.807523727416992188e-01 -1.975676119327545166e-01 2.454348951578140259e-01 -3.858468234539031982e-01 -1.804848015308380127e-01 3.951272070407867432e-01 3.084964752197265625e-01 8.371265530586242676e-01 5.434945821762084961e-01 -7.370516657829284668e-01 -1.989238858222961426e-01 -3.253228962421417236e-01 -1.870260238647460938e-01 8.875574171543121338e-02 -2.299674898386001587e-01 3.669265210628509521e-01 2.549132406711578369e-01
2.246762625873088837e-02 -2.703360915184020996e-01 1.007454752922058105e+00 6.240617632865905762e-01 -1.497822701930999756e-01 -1.214326024055480957e+00 -5.710904002189636230e-01 -2.294662743806838989e-01 1.179786995053291321e-01 -7.534376978874206543e-01 -2.445052117109298706e-01 -6.532302498817443848e-01 1.775067597627639771e-01 4.651686847209930420e-01 1.662062406539916992e-01 8.507045507431030273e-01 4.899591207504272461e-01 -1.055274680256843567e-01 4.558226764202117920e-01 2.377640157938003540e-01 8.706530332565307617e-01 1.265103220939636230e+00 9.075701818801462650e-04 -9.304945468902587891e-01 5.348291248083114624e-02 -2.449979931116104126e-01 -5.151683092117309570e-01 -2.042313516139984131e-01 6.443574428558349609e-01 -7.641143202781677246e-01 -4.867264032363891602e-01 1.340250372886657715e+00 -9.204619526863098145e-01 7.299308776855468750e-01 -1.519996672868728638e-01 1.387593895196914673e-02 -1.472994238138198853e-01 -5.552640557289123535e-01 -4.011999666690826416e-01 3.846786916255950928e-01 -3.320243060588836670e-01 -4.875317513942718506e-01 8.705582618713378906e-01 -1.183269858360290527e+00 -4.297310411930084229e-01 -3.770977258682250977e-01 -4.569605588912963867e-01 -8.016666769981384277e-01 -4.344950318336486816e-01 1.156172990798950195e+00 7.150530219078063965e-01 1.066275835037231445e-01 2.704855203628540039e-01 1.566543132066726685e-01 -8.818538784980773926e-01 1.688769906759262085e-01 -3.546532392501831055e-01 -1.001036539673805237e-01 -7.100431323051452637e-01 -4.050258398056030273e-01 6.169538497924804688e-01 1.628317832946777344e-01 4.943011701107025146e-01 -3.435049653053283691e-01
-1.541680190712213516e-02 -2.461272478103637695e-01 4.417780414223670959e-02 3.780829161405563354e-02 1.908993870019912720e-01 -3.869319260120391846e-01 2.117938399314880371e-01 2.777452468872070312e-01 -2.041258215904235840e-01 -1.148663014173507690e-01 1.309156119823455811e-01 -4.169628918170928955e-01 -1.864074617624282837e-01 -4.827372729778289795e-01 -5.599128827452659607e-02 -1.451650261878967285e-01 1.280400604009628296e-01 1.649648100137710571e-01 1.932803094387054443e-01 5.848452821373939514e-02 -5.251638889312744141e-01 3.303079903125762939e-01 2.087478786706924438e-01 -2.108034864068031311e-02 4.045953154563903809e-01 5.118808746337890625e-01 -1.231917738914489746e-01 -1.902720183134078979e-01 3.814432919025421143e-01 -4.652964174747467041e-01 -5.689572095870971680e-01 2.542888224124908447e-01 -7.875500321388244629e-01 -3.652705624699592590e-02 -2.215699255466461182e-01 1.042992249131202698e-01 -2.886977791786193848e-01 -1.096962690353393555e-01 3.518185019493103027e-01 -1.298175901174545288e-01 -1.808415204286575317e-01 1.567870229482650757e-01 -4.668660163879394531e-01 1.502815186977386475e-01 2.188686132431030273e-01 -6.430208683013916016e-01 -4.279165267944335938e-01 -5.942510962486267090e-01 -8.111616969108581543e-02 1.612006574869155884e-01 1.182100996375083923e-01 -8.593788743019104004e-02 7.663025856018066406e-01 5.751741528511047363e-01 -1.310316175222396851e-01 2.840966582298278809e-01 -2.363640815019607544e-01 -3.318921029567718506e-01 -1.046701148152351379e-01 6.999778747558593750e-02 2.037538290023803711e-01 -3.066080808639526367e-01 1.242099627852439880e-01 6.023877263069152832e-01
5.148410797119140625e-01 -3.440380394458770752e-01 8.095170855522155762e-01 -1.456348150968551636e-01 -5.176403373479843140e-02 -6.365401148796081543e-01 -2.757547199726104736e-01 -4.129589349031448364e-02 -8.308604359626770020e-01 2.315853908658027649e-02 -3.713694959878921509e-02 -6.090162396430969238e-01 -7.143916487693786621e-01 -1.017201989889144897e-01 2.176412642002105713e-01 4.168092310428619385e-01 1.925900280475616455e-01 -6.951172351837158203e-01 -2.449503391981124878e-01 7.286726832389831543e-01 5.173761844635009766e-01 8.272866159677505493e-02 1.106678396463394165e-01 -1.432256549596786499e-01 -6.201512813568115234e-01 1.551477760076522827e-01 -6.343027949333190918e-01 -2.740358710289001465e-01 2.098482660949230194e-02 -1.381532102823257446e-01 -1.370171755552291870e-01 5.809482932090759277e-01 -1.417061388492584229e-01 -5.046246573328971863e-02 2.652698196470737457e-02 -7.133231759071350098e-01 2.143149971961975098e-01 -2.622480094432830811e-01 -1.026330068707466125e-01 5.971037745475769043e-01 3.609987199306488037e-01 -2.019681334495544434e-01 2.424706220626831055e-01 -2.107944637537002563e-01 -6.334230899810791016e-01 -3.367734700441360474e-02 2.947469353675842285e-01 -6.008899211883544922e-01 -5.770615935325622559e-01 2.238076478242874146e-01 -2.505706623196601868e-02 4.684058427810668945e-01 2.006638646125793457e-01 -4.441357553005218506e-01 3.725958764553070068e-01 2.932581901550292969e-01 2.848904132843017578e-01 -6.919720768928527832e-02 -9.311859309673309326e-02 5.392059683799743652e-01 5.237879157066345215e-01 -7.281526327133178711e-01 5.675228834152221680e-01 1.197971031069755554e-01
7.491272091865539551e-01 1.788202300667762756e-02 4.093727171421051025e-01 2.253394722938537598e-01 -2.902691364288330078e-01 -9.478685855865478516e-01 6.780886054039001465e-01 -2.549509108066558838e-01 -2.149809896945953369e-01 -5.342767238616943359e-01 -3.415266871452331543e-01 -1.963601708412170410e-01 4.359972774982452393e-01 -6.642575263977050781e-01 7.983484864234924316e-01 1.714880466461181641e+00 1.787524819374084473e-01 -2.603281736373901367e-01 1.728086918592453003e-01 7.584560513496398926e-01 3.008412122726440430e-01 5.805794000625610352e-01 -2.502266168594360352e-01 -4.647970199584960938e-01 9.338063001632690430e-02 5.638358741998672485e-02 -1.080389600247144699e-02 -2.986507415771484375e-01 9.683938026428222656e-01 -3.310428261756896973e-01 -7.920262217521667480e-01 2.698471546173095703e-01 5.121052265167236328e-01 5.713545680046081543e-01 -1.022901892662048340e+00 -5.558573603630065918e-01 -1.072252076119184494e-02 1.357258856296539307e-01 1.799812912940979004e-01 5.578405857086181641e-01 -4.210333824157714844e-01 2.695078551769256592e-01 8.312603831291198730e-01 -7.417213916778564453e-01 1.625737100839614868e-01 4.035500288009643555e-01 3.502185344696044922e-01 -4.402891397476196289e-01 8.069050312042236328e-02 3.397205471992492676e-01 4.277226030826568604e-01 3.024804294109344482e-01 4.378654956817626953e-01 1.633552014827728271e-01 7.067271322011947632e-02 4.622793495655059814e-01 2.317256629467010498e-01 -7.809602022171020508e-01 -7.637380361557006836e-01 1.845184862613677979e-01 4.947634935379028320e-01 -3.500480055809020996e-01 2.416441440582275391e-01 3.587168753147125244e-01
1.034880876541137695e+00 -6.111182570457458496e-01 4.440114200115203857e-01 5.484669804573059082e-01 8.521401286125183105e-01 -7.203586697578430176e-01 -1.743367612361907959e-01 5.193862915039062500e-01 -3.967126905918121338e-01 -7.108519673347473145e-01 -2.677421271800994873e-01 -6.057861447334289551e-01 5.686390772461891174e-02 -2.717362046241760254e-01 8.159587383270263672e-01 1.199432015419006348e+00 3.664206862449645996e-01 -1.205919146537780762e+00 -1.394289582967758179e-01 1.000441312789916992e+00 9.184154868125915527e-01 8.901402354240417480e-02 -8.194634318351745605e-01 -5.630720853805541992e-01 -5.084783211350440979e-02 -1.459124591201543808e-02 1.819938793778419495e-02 -1.045342326164245605e+00 3.112091124057769775e-01 2.929081618785858154e-01 -7.429313659667968750e-01 3.401656746864318848e-01 -7.004289031028747559e-01 7.822654843330383301e-01 -1.497790575027465820e+00 -2.411925047636032104e-01 -8.774421811103820801e-01 -4.170928001403808594e-01 -1.138236895203590393e-01 3.419806063175201416e-01 -3.512891530990600586e-01 -7.193038463592529297e-01 5.053998902440071106e-02 -5.770406126976013184e-02 -2.747572362422943115e-01 -7.067658901214599609e-01 -4.645546898245811462e-02 -5.336503982543945312e-01 -9.753373265266418457e-01 1.944903433322906494e-01 -5.574486255645751953e-01 -5.691838264465332031e-01 1.581863045692443848e+00 1.389160305261611938e-01 -1.573457866907119751e-01 -5.699978470802307129e-01 4.005866348743438721e-01 -1.642788350582122803e-01 -1.012782752513885498e-01 -7.001010775566101074e-01 1.136851534247398376e-01 -2.617034614086151123e-01 1.282745450735092163e-01 -2.789593040943145752e-01
2.157820016145706177e-01 3.073903322219848633e-01 7.055389285087585449e-01 9.017257019877433777e-03 2.572213113307952881e-01 -1.000262141227722168e+00 -3.305347859859466553e-01 3.164312541484832764e-01 -4.355927705764770508e-01 -2.990584969520568848e-01 -6.634525656700134277e-01 -5.614132881164550781e-01 -3.775548934936523438e-01 -3.575487136840820312e-01 1.249687746167182922e-03 1.919763833284378052e-01 5.845003128051757812e-01 2.183743119239807129e-01 1.436999738216400146e-01 6.905045509338378906e-01 -1.346952170133590698e-01 2.728745043277740479e-01 -1.429259926080703735e-01 -5.920898169279098511e-02 -5.586755871772766113e-01 1.469531804323196411e-01 -4.483989179134368896e-01 -3.116211593151092529e-01 -2.660711407661437988e-01 -1.857868880033493042e-01 -8.184459805488586426e-01 4.366215169429779053e-01 -3.049190342426300049e-01 -1.062510982155799866e-01 3.202613294124603271e-01 -3.315947949886322021e-01 -3.960125744342803955e-01 5.252578258514404297e-01 -4.976523295044898987e-02 1.901413351297378540e-01 2.718711793422698975e-01 5.260619521141052246e-01 2.311814874410629272e-01 7.039629220962524414e-01 -2.214458584785461426e-01 3.115771710872650146e-01 6.767560541629791260e-02 -5.601667165756225586e-01 -6.639824807643890381e-02 3.987450003623962402e-01 -6.110599637031555176e-02 1.255115121603012085e-01 7.004109025001525879e-01 -4.156408831477165222e-03 1.292319297790527344e-01 -5.219201371073722839e-02 -8.921874761581420898e-01 2.451837658882141113e-01 -2.361917197704315186e-01 -1.665272414684295654e-01 2.015364915132522583e-01 -2.795382440090179443e-01 3.637765347957611084e-01 8.878426253795623779e-02
7.363393306732177734e-01 7.820295542478561401e-02 7.014619112014770508e-01 5.381220579147338867e-01 4.546377062797546387e-01 -1.479294151067733765e-01 -3.770355284214019775e-01 1.509385555982589722e-02 4.924463927745819092e-01 -5.945664048194885254e-01 6.735927462577819824e-01 -9.606952071189880371e-01 4.015564024448394775e-01 2.722134888172149658e-01 1.928586959838867188e-01 1.199268817901611328e+00 -2.217760682106018066e-01 -4.364927113056182861e-01 3.722741305828094482e-01 1.089462041854858398e+00 -4.524357616901397705e-01 6.035178303718566895e-01 4.557051360607147217e-01 -1.216741353273391724e-01 -1.797933727502822876e-01 -1.955115199089050293e-01 2.394308522343635559e-02 -4.846988618373870850e-01 4.861639142036437988e-01 -3.419656157493591309e-01 -5.635339617729187012e-01 7.736141085624694824e-01 -6.686006188392639160e-01 2.222822010517120361e-01 -6.740490198135375977e-01 -1.176681637763977051e+00 -9.849036931991577148e-01 -1.079790517687797546e-01 -7.400097846984863281e-01 7.235330939292907715e-01 4.325896799564361572e-01 -1.392967440187931061e-02 6.391176581382751465e-02 -6.255645155906677246e-01 3.005296923220157623e-02 1.695484966039657593e-01 -9.595441073179244995e-02 -8.818212747573852539e-01 -4.679655134677886963e-01 7.280315458774566650e-02 -7.287337779998779297e-01 3.003734648227691650e-01 7.487889528274536133e-01 2.208057343959808350e-01 9.754207730293273926e-02 6.256930232048034668e-01 1.586089730262756348e-01 -3.084115982055664062e-01 -5.750324204564094543e-02 -4.984390437602996826e-01 -1.673988252878189087e-01 2.215711623430252075e-01 1.064781546592712402e+00 -4.792707264423370361e-01
8.086783289909362793e-01 1.122335419058799744e-01 6.560007929801940918e-01 6.616792082786560059e-01 4.339495301246643066e-01 -8.499681949615478516e-01 6.705549359321594238e-01 3.974689543247222900e-02 -5.876433253288269043e-01 -6.061625480651855469e-01 -5.979035496711730957e-01 -3.032405488193035126e-02 -4.818734228610992432e-01 -3.015666268765926361e-02 -4.509917795658111572e-01 1.257336288690567017e-01 8.488430827856063843e-02 5.038019418716430664e-01 -1.985144764184951782e-01 6.191157102584838867e-01 -1.362721342593431473e-02 7.826078534126281738e-01 -2.051566243171691895e-01 -6.964833140373229980e-01 -7.311945557594299316e-01 -5.246215686202049255e-02 -6.496378779411315918e-02 -3.460299968719482422e-02 -2.103866338729858398e-01 -1.747220195829868317e-02 -1.260116100311279297e+00 7.116967439651489258e-01 -3.360938131809234619e-01 -1.374009400606155396e-01 -4.978423118591308594e-01 -3.853996396064758301e-01 -6.796005964279174805e-01 5.877876281738281250e-01 -4.651466310024261475e-01 4.969171285629272461e-01 -9.829462319612503052e-02 6.314924359321594238e-02 2.729431688785552979e-01 4.036299586296081543e-01 4.325560331344604492e-01 2.957301139831542969e-01 -2.059549242258071899e-01 3.423229753971099854e-01 -1.556480079889297485e-01 1.537580341100692749e-01 -4.308667778968811035e-01 2.673950195312500000e-01 4.305580258369445801e-01 2.651219666004180908e-01 -2.785253226757049561e-01 -1.340328752994537354e-01 -4.385115802288055420e-01 -1.286378204822540283e-01 -9.905003011226654053e-02 -6.143289208412170410e-01 3.751394152641296387e-01 -2.233588695526123047e-01 4.696639776229858398e-01 2.071121782064437866e-01
3.204419910907745361e-01 7.527658343315124512e-02 3.926570117473602295e-01 4.040392339229583740e-01 1.963771879673004150e-02 -6.944695115089416504e-01 -3.999282121658325195e-01 -4.174451828002929688e-01 2.314101904630661011e-01 -1.068793892860412598e+00 -2.801306247711181641e-01 -7.069311290979385376e-02 -1.027140855789184570e+00 -7.748597264289855957e-01 2.215656638145446777e-01 2.735662460327148438e-01 -1.580061316490173340e-01 -5.147497057914733887e-01 5.454361438751220703e-01 5.007519721984863281e-01 5.836335420608520508e-01 4.710537195205688477e-01 2.383535504341125488e-01 -3.064308166503906250e-01 4.114929437637329102e-01 -3.147406280040740967e-01 -4.826844334602355957e-01 1.572065502405166626e-01 6.673895120620727539e-01 2.318591028451919556e-01 -8.201221227645874023e-01 8.733126521110534668e-01 3.687454387545585632e-02 3.894395530223846436e-01 2.478244453668594360e-01 -8.461552858352661133e-01 -8.495477437973022461e-01 3.093639612197875977e-01 5.687710642814636230e-01 9.018718600273132324e-01 4.667403399944305420e-01 -6.720320582389831543e-01 4.186328351497650146e-01 -1.384661316871643066e+00 -1.720810234546661377e-01 -3.715664744377136230e-01 -4.769962653517723083e-02 4.746738970279693604e-01 -4.034194946289062500e-01 1.868487596511840820e-01 -6.394385546445846558e-02 5.139869078993797302e-02 1.238524317741394043e+00 4.148820936679840088e-01 5.125122070312500000e-01 5.570834279060363770e-01 -4.720688611268997192e-02 -4.106229841709136963e-01 -3.335055708885192871e-01 -7.992214560508728027e-01 2.239911556243896484e-01 -4.500959217548370361e-01 5.407102704048156738e-01 5.993748903274536133e-01
3.602379560470581055e-01 -8.595385402441024780e-02 1.079332605004310608e-01 2.722805179655551910e-02 2.673292160034179688e-01 -8.197287321090698242e-01 5.039233565330505371e-01 -6.854785233736038208e-02 -6.151009798049926758e-01 6.075727939605712891e-02 4.124774634838104248e-01 -2.514998614788055420e-01 -3.610441088676452637e-01 -7.242701947689056396e-02 3.049999773502349854e-01 7.547084093093872070e-01 1.196863055229187012e-01 -3.418305814266204834e-01 -2.366588413715362549e-01 9.663437008857727051e-01 6.806920766830444336e-01 6.641941070556640625e-01 7.208313792943954468e-02 -1.576666682958602905e-01 -4.066811501979827881e-01 -4.292894005775451660e-01 -2.756205201148986816e-01 -3.172783553600311279e-01 2.564911246299743652e-01 -3.632520139217376709e-01 -9.974177181720733643e-02 -8.609558641910552979e-02 -2.305734530091285706e-02 -1.293129771947860718e-01 -5.112144351005554199e-01 -2.317154407501220703e-01 1.694113165140151978e-01 -4.445312619209289551e-01 1.818893253803253174e-01 5.649150013923645020e-01 2.338307946920394897e-01 -1.402048617601394653e-01 6.434782147407531738e-01 -7.082245945930480957e-01 -3.733170628547668457e-01 2.526668608188629150e-01 -8.684712648391723633e-02 -4.456498622894287109e-01 -1.680621355772018433e-01 3.951075971126556396e-01 1.270145773887634277e-01 6.295693516731262207e-01 3.508175015449523926e-01 -2.540760040283203125e-01 6.363606452941894531e-01 4.568741619586944580e-01 2.371948510408401489e-01 -3.264201283454895020e-01 4.716125428676605225e-01 -7.879077643156051636e-02 7.465724945068359375e-01 -7.505792379379272461e-01 2.438600510358810425e-01 7.538923621177673340e-02
1.653922200202941895e-01 -3.376941084861755371e-01 1.485962867736816406e-01 2.258369922637939453e-01 4.586077332496643066e-01 -4.642845690250396729e-01 -6.544063985347747803e-02 2.659828364849090576e-01 -2.927447669208049774e-02 -2.461108714342117310e-01 -8.026098459959030151e-02 -1.590831130743026733e-01 -6.476884335279464722e-02 5.515610426664352417e-02 -7.143922895193099976e-02 2.174675464630126953e-01 2.547015028540045023e-04 4.208003580570220947e-01 -2.540919780731201172e-01 3.586303889751434326e-01 -1.434772014617919922e-01 1.190697625279426575e-01 2.144223898649215698e-01 -1.420398950576782227e-01 -1.839112043380737305e-01 4.284424483776092529e-01 -6.907061338424682617e-01 -3.368332982063293457e-01 -3.002707958221435547e-01 -3.398740887641906738e-01 -6.199550628662109375e-01 -3.351670876145362854e-02 -4.923854470252990723e-01 -1.658984571695327759e-01 1.259747892618179321e-01 -3.308886289596557617e-01 -6.653459668159484863e-01 5.087600946426391602e-01 2.187709212303161621e-01 -2.439699918031692505e-01 -5.645217895507812500e-01 2.571421563625335693e-01 7.627306878566741943e-02 -2.585660219192504883e-01 2.003922760486602783e-01 -1.582760959863662720e-01 -4.051643013954162598e-01 -1.993779838085174561e-01 -1.603094488382339478e-01 2.190542966127395630e-01 2.350947558879852295e-01 6.434928160160779953e-03 7.710145115852355957e-01 5.758612751960754395e-01 9.671456366777420044e-02 2.306764870882034302e-01 -6.019570827484130859e-01 -3.623841404914855957e-01 -9.454929083585739136e-02 2.156436890363693237e-01 -2.987698912620544434e-01 -4.312467277050018311e-01 -4.023796617984771729e-01 -1.868057996034622192e-02
4.223439842462539673e-02 -9.511885792016983032e-02 5.643604993820190430e-01 1.043686866760253906e+00 5.995564460754394531e-01 -6.832811236381530762e-01 6.774144619703292847e-02 -5.325794219970703125e-01 -4.419785737991333008e-01 -9.056500792503356934e-01 -2.608417570590972900e-01 4.936510324478149414e-01 2.263538241386413574e-01 -2.916350960731506348e-01 4.314471781253814697e-01 1.451340675354003906e+00 -4.851716458797454834e-01 -6.552032828330993652e-01 -2.869757451117038727e-02 6.859636306762695312e-01 4.073479175567626953e-01 2.040254175662994385e-01 1.245486438274383545e-01 -9.588868618011474609e-01 1.639894247055053711e-01 -1.631082892417907715e-01 6.316135078668594360e-02 2.848486229777336121e-02 8.771777749061584473e-01 -7.292481064796447754e-01 -1.090445816516876221e-01 9.052067399024963379e-01 -9.288036227226257324e-01 -3.550154566764831543e-01 -9.467710554599761963e-02 -2.200549282133579254e-02 -1.438671350479125977e-01 5.796685814857482910e-01 -1.615344882011413574e-01 4.036075174808502197e-01 5.039955377578735352e-01 -1.834043487906455994e-02 -3.546624183654785156e-01 -5.672658085823059082e-01 -3.002246282994747162e-02 1.799624264240264893e-01 1.637513935565948486e-01 -2.386562228202819824e-01 -9.218806028366088867e-01 5.005069971084594727e-01 -3.769995272159576416e-01 1.989151816815137863e-03 6.059741973876953125e-01 3.763120155781507492e-03 1.794410049915313721e-01 7.346056103706359863e-01 -3.154580593109130859e-01 4.085757732391357422e-01 -5.872914195060729980e-01 -2.737689912319183350e-01 -7.704477757215499878e-02 -7.751424312591552734e-01 2.597154974937438965e-01 1.218893676996231079e-01
3.405169248580932617e-01 3.915302753448486328e-01 2.818552255630493164e-01 4.853664636611938477e-01 2.156873345375061035e-01 -6.940486431121826172e-01 2.351040095090866089e-01 3.231920599937438965e-01 -1.127129197120666504e-01 -4.345579445362091064e-01 -5.779078602790832520e-01 -3.505052328109741211e-01 -2.119006663560867310e-01 -1.899314075708389282e-01 -9.330463409423828125e-02 7.823188789188861847e-03 4.467281103134155273e-01 3.753423988819122314e-01 -1.229717507958412170e-01 5.184969902038574219e-01 -1.121508851647377014e-01 4.988771378993988037e-01 1.418895572423934937e-01 -2.446730285882949829e-01 -4.288603961467742920e-01 2.407807707786560059e-01 -3.629584908485412598e-01 -3.754083216190338135e-01 -1.580646634101867676e-01 1.574480980634689331e-01 -7.735505104064941406e-01 3.619112372398376465e-01 -6.239811182022094727e-01 -2.559928894042968750e-01 2.226253151893615723e-01 -1.487012207508087158e-01 -2.457421422004699707e-01 5.287687182426452637e-01 -7.312770932912826538e-02 6.336919963359832764e-02 -1.715446710586547852e-01 3.914947807788848877e-01 1.676221638917922974e-01 7.325083613395690918e-01 1.258212476968765259e-01 1.131599992513656616e-01 -4.722995162010192871e-01 -4.674099683761596680e-01 3.118026070296764374e-02 2.036478668451309204e-01 7.802683860063552856e-02 -7.547263801097869873e-02 8.797467350959777832e-01 9.872633218765258789e-02 1.906502842903137207e-01 -8.822882175445556641e-02 -8.059026598930358887e-01 7.752806693315505981e-02 -3.532769903540611267e-02 -3.378081023693084717e-01 6.011750549077987671e-02 -2.455753386020660400e-01 3.353342711925506592e-01 4.742177948355674744e-02
6.303831189870834351e-02 4.298864305019378662e-01 -3.117863275110721588e-02 2.046383023262023926e-01 3.116287291049957275e-01 1.174883842468261719e-01 1.899333298206329346e-01 5.944733023643493652e-01 -1.420198231935501099e-01 -6.414792537689208984e-01 -2.516170740127563477e-01 -2.030615210533142090e-01 -1.061543822288513184e-01 -5.253243818879127502e-02 8.767092227935791016e-02 -4.277416765689849854e-01 -1.036453768610954285e-01 2.022520005702972412e-01 2.448267638683319092e-01 5.525391101837158203e-01 -4.536043852567672729e-02 3.400715291500091553e-01 7.332342118024826050e-02 -3.874358534812927246e-01 -4.737271070480346680e-01 5.146711468696594238e-01 -2.123837769031524658e-01 -1.954301297664642334e-01 1.836229115724563599e-01 -2.318261861801147461e-01 5.244815722107887268e-02 4.683623909950256348e-01 -4.661589264869689941e-01 -1.544940620660781860e-01 1.643863469362258911e-01 1.788243055343627930e-01 -4.514537751674652100e-01 6.697469949722290039e-02 1.154695302248001099e-01 3.384500741958618164e-02 -8.983331918716430664e-02 -3.547168672084808350e-01 -6.731178611516952515e-02 1.035211607813835144e-01 -1.100691631436347961e-01 -4.277113974094390869e-01 1.578018814325332642e-01 -6.800961494445800781e-01 -3.037876188755035400e-01 2.261568456888198853e-01 -2.751510441303253174e-01 1.599145680665969849e-01 7.821400761604309082e-01 4.598785638809204102e-01 -1.901241391897201538e-01 7.181276082992553711e-01 -1.260065585374832153e-01 -6.938967704772949219e-01 -1.959104835987091064e-01 7.512824237346649170e-02 3.395822346210479736e-01 -1.041982024908065796e-01 -5.963950753211975098e-01 1.841403692960739136e-01
2.602786421775817871e-01 3.547759056091308594e-01 7.613620162010192871e-01 1.001737713813781738e+00 -1.108375489711761475e-01 -4.836696684360504150e-01 4.252292513847351074e-01 3.394688069820404053e-01 -5.036130547523498535e-01 -3.608334064483642578e-01 -1.241586357355117798e-01 -4.838890135288238525e-01 -4.201020598411560059e-01 4.353216663002967834e-02 1.442606449127197266e-01 3.172336518764495850e-01 5.525341629981994629e-01 -5.208515375852584839e-02 -2.813308537006378174e-01 1.422397196292877197e-01 -1.527651548385620117e-01 5.548776984214782715e-01 -3.999312818050384521e-01 -1.135078743100166321e-01 -4.169831573963165283e-01 9.537691622972488403e-02 -2.635414004325866699e-01 -2.729256749153137207e-01 -2.412874698638916016e-01 -9.077501296997070312e-02 -8.399135470390319824e-01 9.013787508010864258e-01 -6.772549748420715332e-01 -1.845824420452117920e-01 -2.011821866035461426e-01 -2.897737622261047363e-01 -3.134719729423522949e-01 5.421187281608581543e-01 -1.635365039110183716e-01 1.038277223706245422e-01 1.972731798887252808e-01 2.635139226913452148e-01 6.214382052421569824e-01 3.958371579647064209e-01 4.393696784973144531e-01 5.311040580272674561e-02 -5.778685212135314941e-01 3.111942112445831299e-01 4.172544926404953003e-02 2.202899754047393799e-01 -2.916331887245178223e-01 6.437060981988906860e-02 8.611927628517150879e-01 1.110547259449958801e-01 8.797596395015716553e-02 -1.464536041021347046e-01 -9.613820910453796387e-01 -7.485634088516235352e-02 -1.742739677429199219e-01 -4.620941281318664551e-01 4.559872150421142578e-01 7.283480465412139893e-02 1.185928061604499817e-01 6.112878918647766113e-01
4.773193001747131348e-01 -5.626105070114135742e-01 -2.289728224277496338e-01 1.329833865165710449e+00 9.527611732482910156e-01 -2.571807801723480225e-01 -6.407912373542785645e-01 -6.398667395114898682e-02 4.605689644813537598e-02 3.884574770927429199e-01 -6.498548984527587891e-01 -8.884639143943786621e-01 -4.122924804687500000e-02 -4.870990514755249023e-01 -7.552734762430191040e-02 7.770583629608154297e-01 3.328945338726043701e-01 -1.301487237215042114e-01 -3.242512345314025879e-01 1.121088743209838867e+00 8.588985800743103027e-01 3.535086214542388916e-01 5.878860354423522949e-01 -8.491466194391250610e-02 -2.321439832448959351e-01 -1.453485637903213501e-01 2.120404317975044250e-02 -5.051092505455017090e-01 7.314699888229370117e-01 -2.865809798240661621e-01 -4.034757614135742188e-01 1.248326301574707031e+00 -4.310669004917144775e-01 2.171215415000915527e-01 -7.845479249954223633e-01 -2.352659404277801514e-01 2.424000352621078491e-01 -1.729965806007385254e-01 2.661973536014556885e-01 1.074909687042236328e+00 -2.538156509399414062e-01 1.039329320192337036e-01 2.909254431724548340e-01 -6.183677911758422852e-01 -2.089077085256576538e-01 3.888722956180572510e-01 6.656727753579616547e-03 5.746597796678543091e-02 -5.499069690704345703e-01 8.104296922683715820e-01 -5.428093075752258301e-01 -5.707731842994689941e-01 1.106104016304016113e+00 4.359198212623596191e-01 -1.390027403831481934e-01 5.783967375755310059e-01 -2.476638704538345337e-01 -6.370269656181335449e-01 -6.182584762573242188e-01 2.112795412540435791e-01 6.831518411636352539e-01 4.991558194160461426e-01 6.020398139953613281e-01 1.667477339506149292e-01
1.518465429544448853e-01 -1.419287472963333130e-01 2.910386323928833008e-01 9.249477088451385498e-02 5.694105029106140137e-01 -4.539408981800079346e-01 -4.179976508021354675e-02 1.360069364309310913e-01 2.286576293408870697e-02 -3.588685393333435059e-01 -3.081904351711273193e-01 -2.178395390510559082e-01 -2.183501124382019043e-01 2.237354964017868042e-01 -1.950153522193431854e-02 -1.557550877332687378e-01 1.608271896839141846e-01 6.271146535873413086e-01 -3.333019837737083435e-02 2.201960384845733643e-01 -9.218908101320266724e-02 6.414432525634765625e-01 1.685781329870223999e-01 4.729314893484115601e-02 5.197899416089057922e-02 5.079550147056579590e-01 -4.952649399638175964e-02 -2.065264433622360229e-01 -4.523704294115304947e-03 -5.127165913581848145e-01 1.696522533893585205e-02 3.030875921249389648e-01 -5.858555436134338379e-01 -3.443575203418731689e-01 -5.047137737274169922e-01 -1.735100895166397095e-01 1.210220307111740112e-01 4.080756306648254395e-01 5.371865257620811462e-02 3.993073105812072754e-01 1.206332445144653320e-01 -4.510735869407653809e-01 -5.149036645889282227e-01 -3.058919310569763184e-01 2.523500919342041016e-01 -5.404363274574279785e-01 -2.414957433938980103e-01 -1.052620559930801392e-01 5.811268091201782227e-02 -3.391993641853332520e-01 -4.364841580390930176e-01 6.843714714050292969e-01 2.153038084506988525e-01 7.048475146293640137e-01 5.176981911063194275e-02 7.776682376861572266e-01 1.467786878347396851e-01 -6.502026319503784180e-01 -5.399414300918579102e-01 1.560320258140563965e-01 1.372077316045761108e-01 -1.180772557854652405e-01 -4.247813820838928223e-01 2.706094980239868164e-01
1.906464397907257080e-01 1.265721023082733154e-01 -1.602964699268341064e-01 5.955771207809448242e-01 4.245559275150299072e-01 -2.144446372985839844e-01 -2.397771477699279785e-01 2.779600620269775391e-01 -6.170494854450225830e-02 -3.546185418963432312e-02 -6.713700294494628906e-02 -1.544925272464752197e-01 -4.925547242164611816e-01 2.708841860294342041e-01 1.056868582963943481e-01 7.766512036323547363e-01 -1.764325797557830811e-01 5.687832832336425781e-02 -2.879004552960395813e-02 1.191545203328132629e-01 -2.908084094524383545e-01 6.387887597084045410e-01 2.164307832717895508e-01 1.060499772429466248e-01 1.645268499851226807e-02 7.651308178901672363e-01 4.918996617197990417e-02 -8.737556636333465576e-02 -5.064023137092590332e-01 -4.711480438709259033e-01 -5.279465913772583008e-01 1.711233109235763550e-01 -6.147414445877075195e-01 -2.715720534324645996e-01 -4.373811185359954834e-01 -4.021604359149932861e-01 6.844855099916458130e-02 4.600704312324523926e-01 3.701578378677368164e-01 -2.684131264686584473e-01 -2.956288158893585205e-01 6.183724850416183472e-02 6.760407686233520508e-01 -1.163277924060821533e-01 -9.772293269634246826e-02 -5.914626717567443848e-01 -3.961248397827148438e-01 1.860626973211765289e-02 -6.267098188400268555e-01 -3.194209039211273193e-01 4.248391091823577881e-01 -4.934325069189071655e-02 2.947266995906829834e-01 6.391506195068359375e-01 1.460371166467666626e-01 2.101947814226150513e-01 -2.314735800027847290e-01 -4.195989072322845459e-01 -4.829050004482269287e-01 2.675129286944866180e-02 -5.876312032341957092e-02 -4.200976192951202393e-01 -2.951762974262237549e-01 3.160235285758972168e-01
4.844246208667755127e-01 4.951404035091400146e-02 6.394000053405761719e-01 -6.356155872344970703e-01 4.736214578151702881e-01 -1.814484447240829468e-01 2.707934975624084473e-01 6.090162396430969238e-01 -3.327307403087615967e-01 -2.250476479530334473e-01 -2.036868333816528320e-01 -2.252451330423355103e-01 -1.551541239023208618e-01 -1.955098956823348999e-01 4.270412623882293701e-01 -1.197429522871971130e-01 4.649881422519683838e-01 6.481702439486980438e-03 3.431595265865325928e-01 5.717827081680297852e-01 1.128326356410980225e-01 6.269016861915588379e-01 -3.861569464206695557e-01 -2.108793407678604126e-01 -4.562848210334777832e-01 7.152187824249267578e-01 -4.831476211547851562e-01 3.368432819843292236e-01 4.327261149883270264e-01 -4.270997345447540283e-01 -2.450296655297279358e-02 7.991979122161865234e-01 -4.963852465152740479e-01 -1.381158679723739624e-01 5.420998930931091309e-01 -4.369888901710510254e-01 -3.481116518378257751e-02 1.432129442691802979e-01 -2.652399241924285889e-01 -5.749604851007461548e-02 1.537615607958287001e-04 -3.450198769569396973e-01 -9.661636501550674438e-02 -1.041554193943738937e-02 -5.593357980251312256e-02 -3.217712044715881348e-01 7.773465514183044434e-01 -5.889858603477478027e-01 -2.290767133235931396e-01 3.376410901546478271e-01 -3.079266846179962158e-02 -3.612455725669860840e-01 7.163559794425964355e-01 2.869105935096740723e-01 3.117553889751434326e-01 1.002290964126586914e+00 1.254448890686035156e-01 -4.129038751125335693e-01 -3.133026957511901855e-01 3.368102908134460449e-01 9.144684672355651855e-02 1.427377313375473022e-01 1.783464252948760986e-01 4.057075828313827515e-02
4.374415576457977295e-01 9.990540891885757446e-02 -6.546065211296081543e-02 -5.947414785623550415e-02 -3.407109677791595459e-01 -1.052038311958312988e+00 6.851625442504882812e-01 2.331209182739257812e-01 -6.302516460418701172e-01 -1.932965219020843506e-01 1.523676812648773193e-01 -4.278281331062316895e-01 3.424375653266906738e-01 -5.409771203994750977e-01 6.184378266334533691e-01 1.386343121528625488e+00 1.015838757157325745e-01 -4.880804121494293213e-01 -7.013180106878280640e-02 7.806716561317443848e-01 2.451486736536026001e-01 3.965816497802734375e-01 9.692554920911788940e-02 -7.643048465251922607e-02 -1.072573438286781311e-01 -2.583454251289367676e-01 -1.119614839553833008e-01 -6.997789740562438965e-01 8.405798077583312988e-01 -2.990621626377105713e-01 -4.826509654521942139e-01 2.525636851787567139e-01 -6.826136261224746704e-02 9.086369723081588745e-02 -8.404328227043151855e-01 -5.134311914443969727e-01 1.848495304584503174e-01 3.039785325527191162e-01 2.143485397100448608e-01 5.268411040306091309e-01 -7.886237651109695435e-02 4.330870509147644043e-02 7.235679626464843750e-01 -9.844260811805725098e-01 2.359150499105453491e-01 4.543783962726593018e-01 2.309093773365020752e-01 -9.218617528676986694e-02 2.680182754993438721e-01 7.263712286949157715e-01 1.209852918982505798e-01 5.766023993492126465e-01 3.493610024452209473e-01 2.592251896858215332e-01 2.964130938053131104e-01 3.822917938232421875e-01 5.124610066413879395e-01 -4.451515972614288330e-01 1.503980252891778946e-02 1.242201402783393860e-01 8.322363495826721191e-01 -5.948223471641540527e-01 3.191122412681579590e-01 -9.041056782007217407e-02
8.961300253868103027e-01 -7.378156185150146484e-01 -1.061476245522499084e-01 1.389982402324676514e-01 4.475721716880798340e-01 -2.927117049694061279e-01 -1.536880880594253540e-01 -3.655146658420562744e-01 -7.058069705963134766e-01 -4.846690595149993896e-01 7.128641474992036819e-03 -8.460579514503479004e-01 -8.401250839233398438e-02 -4.609323740005493164e-01 6.027878522872924805e-01 1.343796133995056152e+00 -7.952111959457397461e-02 -4.478807449340820312e-01 5.545203685760498047e-01 5.945183634757995605e-01 5.115025639533996582e-01 7.944118380546569824e-01 5.165234208106994629e-01 -7.634016871452331543e-01 1.525612026453018188e-01 1.323025971651077271e-01 -8.402104377746582031e-01 2.689891755580902100e-01 -5.855120345950126648e-02 4.614921510219573975e-01 -9.512808173894882202e-02 1.136912584304809570e+00 -5.577112436294555664e-01 1.380070894956588745e-01 -6.445037722587585449e-01 -4.148488640785217285e-01 -5.624408721923828125e-01 5.262643694877624512e-01 -3.410144746303558350e-01 -1.761876046657562256e-01 2.822075188159942627e-01 2.765665352344512939e-01 -1.889372617006301880e-02 -7.181383967399597168e-01 -8.288227915763854980e-01 5.813052058219909668e-01 -9.163323789834976196e-02 -2.183030545711517334e-01 -3.285050392150878906e-01 8.135752677917480469e-01 -3.302763402462005615e-01 3.019886910915374756e-01 4.796379804611206055e-01 4.228357970714569092e-01 2.387927472591400146e-02 4.434709846973419189e-01 2.232041954994201660e-01 -6.802473068237304688e-01 -5.796270966529846191e-01 -1.238891363143920898e+00 4.601510167121887207e-01 3.757728338241577148e-01 -1.047915890812873840e-01 1.026268362998962402e+00
5.081015825271606445e-01 4.423474371433258057e-01 3.124167211353778839e-02 2.493724226951599121e-01 8.537883311510086060e-02 -4.729150831699371338e-01 -3.077830653637647629e-03 -3.331384360790252686e-01 -1.221935600042343140e-01 3.100307583808898926e-01 -1.270386576652526855e-01 -1.143063068389892578e+00 4.321064651012420654e-01 -6.173099279403686523e-01 -5.276096463203430176e-01 1.252561450004577637e+00 -1.916879415512084961e-01 -2.364214211702346802e-01 -2.388611137866973877e-01 2.281595952808856964e-02 5.044056773185729980e-01 1.142545580863952637e+00 1.782284080982208252e-01 -1.738299243152141571e-02 4.018950741738080978e-03 5.912752747535705566e-01 -3.236343264579772949e-01 -3.930734694004058838e-01 -1.694630682468414307e-01 -4.585366547107696533e-01 -1.784088462591171265e-01 5.798761844635009766e-01 -9.549863338470458984e-01 3.564793989062309265e-02 -5.361842513084411621e-01 2.249525040388107300e-01 8.229120075702667236e-02 -2.833602018654346466e-02 7.377882003784179688e-01 1.974789500236511230e-01 4.123783111572265625e-01 -7.203841805458068848e-01 1.143554747104644775e-01 -6.782299876213073730e-01 1.231636926531791687e-01 -4.884729906916618347e-02 -1.477636247873306274e-01 -3.734495043754577637e-01 -5.223075747489929199e-01 -2.275698333978652954e-01 3.478978574275970459e-02 8.815020322799682617e-01 6.567636132240295410e-01 3.434610664844512939e-01 -4.767411351203918457e-01 5.150235295295715332e-01 2.514568269252777100e-01 -7.857272028923034668e-02 -9.156313538551330566e-01 -5.580787062644958496e-01 -5.146036744117736816e-01 -2.227759808301925659e-01 9.512645006179809570e-01 4.901244044303894043e-01
2.025901377201080322e-01 -6.077603697776794434e-01 5.769961476325988770e-01 2.632259130477905273e-01 7.552785873413085938e-01 -8.939159512519836426e-01 5.103909596800804138e-02 -2.602730691432952881e-01 -5.457935333251953125e-01 -4.502240121364593506e-01 -3.034968078136444092e-01 -5.384284257888793945e-02 2.046574801206588745e-01 -6.941102445125579834e-03 -2.511838972568511963e-01 1.532448649406433105e+00 1.483978480100631714e-01 1.584503948688507080e-01 5.044277906417846680e-01 1.051148533821105957e+00 3.412477374076843262e-01 6.978550925850868225e-03 5.530622601509094238e-01 -6.463995575904846191e-01 3.179008662700653076e-01 -2.321760952472686768e-01 -5.707620382308959961e-01 -3.930580914020538330e-01 -1.696647554636001587e-01 -1.580404192209243774e-01 3.333033621311187744e-01 8.967984318733215332e-01 -3.477689921855926514e-01 5.685312747955322266e-01 -2.138118259608745575e-02 -7.028979659080505371e-01 -3.117882907390594482e-01 -1.563066393136978149e-01 6.281427741050720215e-01 7.723764181137084961e-01 -2.487617135047912598e-01 4.451656341552734375e-01 7.771956920623779297e-01 -4.863816127181053162e-02 -2.050027251243591309e-01 -7.581728100776672363e-01 6.104718446731567383e-01 4.509537220001220703e-01 5.705479159951210022e-02 -5.253794416785240173e-02 -7.396258711814880371e-01 9.328982234001159668e-02 1.217828631401062012e+00 1.307659000158309937e-01 -3.823446631431579590e-01 1.181598067283630371e+00 2.156808823347091675e-01 1.068362444639205933e-01 -4.811852276325225830e-01 -8.644922375679016113e-01 1.014155626296997070e+00 -3.443676531314849854e-01 6.303989887237548828e-01 9.777016192674636841e-02
3.733496367931365967e-01 -4.471349418163299561e-01 7.512119412422180176e-01 6.624088883399963379e-01 5.405899882316589355e-01 -4.914254844188690186e-01 2.514668405055999756e-01 -2.141900360584259033e-01 -7.825734019279479980e-01 -4.913928508758544922e-01 2.242752760648727417e-01 -6.665019392967224121e-01 -9.380857646465301514e-02 -3.426205515861511230e-01 1.752087175846099854e-01 5.000009536743164062e-01 2.627015300095081329e-02 -6.034345030784606934e-01 3.053659498691558838e-01 9.925497174263000488e-01 2.518788278102874756e-01 8.959529399871826172e-01 -1.607697010040283203e-01 6.687367707490921021e-02 -7.238583266735076904e-02 -3.259719014167785645e-01 1.246722340583801270e-01 -6.845162808895111084e-02 6.741121411323547363e-02 1.781931146979331970e-02 5.610828995704650879e-01 1.164134889841079712e-01 -5.720400214195251465e-01 -6.035138964653015137e-01 -5.954201519489288330e-02 -4.756221771240234375e-01 -3.253442943096160889e-01 -8.121732473373413086e-01 5.943787693977355957e-01 6.584276556968688965e-01 -4.529171586036682129e-01 -2.548383176326751709e-01 4.944933652877807617e-01 -6.785147190093994141e-01 1.718183904886245728e-01 -1.363073587417602539e-01 -4.578331857919692993e-02 -1.575340330600738525e-01 -2.452745288610458374e-01 5.978206396102905273e-01 -2.897772490978240967e-01 5.065794587135314941e-01 -8.086004108190536499e-02 -1.735344082117080688e-01 2.030354291200637817e-01 -5.054865404963493347e-02 7.950027473270893097e-03 -2.449472248554229736e-01 5.505509376525878906e-01 -2.283204644918441772e-01 1.528930366039276123e-01 -6.730490922927856445e-01 1.784558147192001343e-01 1.660957783460617065e-01
3.010469973087310791e-01 -9.768533110618591309e-01 6.742604970932006836e-01 -1.135816723108291626e-01 3.388410210609436035e-01 -3.295810818672180176e-01 8.178114891052246094e-02 3.292614221572875977e-01 -1.172540858387947083e-01 -4.527748525142669678e-01 -3.266785144805908203e-01 -5.266648530960083008e-01 -1.028670430183410645e+00 8.331905305385589600e-02 -2.335775196552276611e-01 9.279404878616333008e-01 -8.464055508375167847e-02 -4.714803099632263184e-01 2.772682607173919678e-01 4.903261959552764893e-01 8.392826318740844727e-01 9.195439815521240234e-01 4.075560867786407471e-01 2.147415280342102051e-02 3.860169351100921631e-01 5.195881128311157227e-01 6.030654162168502808e-02 -2.617084681987762451e-01 4.525578916072845459e-01 -8.288293480873107910e-01 2.434053122997283936e-01 6.487370133399963379e-01 -2.604049146175384521e-01 -1.097512990236282349e-01 5.377275943756103516e-01 1.724111475050449371e-02 -2.809085845947265625e-01 3.620779141783714294e-02 -5.076971054077148438e-01 -4.673129916191101074e-01 -4.801937565207481384e-02 -2.067711055278778076e-01 -1.864494681358337402e-01 -3.208290636539459229e-01 8.563163876533508301e-01 1.170102953910827637e-01 -3.675429522991180420e-01 -3.495575487613677979e-01 3.129102587699890137e-01 1.686921119689941406e-01 -1.174314916133880615e-01 -3.998746275901794434e-01 6.710090041160583496e-01 6.081001162528991699e-01 3.758565783500671387e-01 8.489785194396972656e-01 -1.800392270088195801e-01 -5.220506191253662109e-01 -2.281510531902313232e-01 -2.162080556154251099e-01 7.518278062343597412e-02 -1.052623093128204346e-01 6.604539155960083008e-01 1.671386361122131348e-01
6.079050898551940918e-01 -2.392230182886123657e-01 -8.240187168121337891e-02 8.296664953231811523e-01 -3.051823079586029053e-01 -3.309188783168792725e-01 -1.973780095577239990e-01 3.094677627086639404e-01 -1.138016223907470703e+00 -1.161656826734542847e-01 -7.408124208450317383e-01 -9.103282690048217773e-01 4.275569319725036621e-01 2.148420661687850952e-01 1.303945422172546387e+00 1.154575943946838379e+00 3.291636705398559570e-01 -4.982513189315795898e-01 7.107180356979370117e-01 1.939451575279235840e+00 4.481543302536010742e-01 3.615050613880157471e-01 3.955555558204650879e-01 -1.174121975898742676e+00 -6.073588132858276367e-01 1.797264367341995239e-01 4.554490149021148682e-01 1.064525023102760315e-01 5.378927662968635559e-02 -5.752740502357482910e-01 -4.703196287155151367e-01 6.228554844856262207e-01 -1.060032606124877930e+00 8.574442267417907715e-01 -5.717564225196838379e-01 2.294551022350788116e-02 -7.563974857330322266e-01 -2.136180698871612549e-01 2.338750511407852173e-01 8.349977135658264160e-01 3.278003633022308350e-01 2.689127624034881592e-01 9.122829139232635498e-02 1.395997852087020874e-01 -1.295190956443548203e-02 -2.486188709735870361e-01 -4.719116985797882080e-01 -1.000164225697517395e-01 1.815712600946426392e-01 5.455785393714904785e-01 4.974710643291473389e-01 7.252495884895324707e-01 1.167164921760559082e+00 -3.344977498054504395e-01 -7.070434093475341797e-01 6.434137821197509766e-01 4.753270149230957031e-01 -3.861962258815765381e-01 -1.635615527629852295e-02 -2.934027314186096191e-01 -3.639262914657592773e-01 -3.882106542587280273e-01 8.170642256736755371e-01 6.946978569030761719e-01
5.852295756340026855e-01 6.754331290721893311e-02 -6.106893718242645264e-02 2.874146997928619385e-01 2.730590105056762695e-01 -4.905582070350646973e-01 1.130052953958511353e-01 3.620844334363937378e-02 -1.099606454372406006e-01 4.470779001712799072e-02 -1.626836881041526794e-02 -8.957027196884155273e-01 8.223479241132736206e-02 -5.127803087234497070e-01 -3.098622262477874756e-01 3.771979212760925293e-01 -3.165923524647951126e-03 -8.522112667560577393e-02 -5.426326990127563477e-01 -4.045542776584625244e-01 -1.002621576189994812e-01 8.128253817558288574e-01 -5.967313423752784729e-02 2.777995914220809937e-02 1.713783293962478638e-01 5.521424412727355957e-01 -6.033480167388916016e-03 -1.104400604963302612e-01 4.118902608752250671e-02 -4.664023518562316895e-01 -8.474495261907577515e-02 5.608705878257751465e-01 -1.048932552337646484e+00 -2.845351696014404297e-01 -6.999473571777343750e-01 5.142901465296745300e-02 -1.400692854076623917e-02 2.747821807861328125e-01 4.087824225425720215e-01 2.394054681062698364e-01 7.403481602668762207e-01 -5.088482499122619629e-01 3.071570694446563721e-01 -3.490291535854339600e-01 3.107055723667144775e-01 -5.771974325180053711e-01 -4.991228282451629639e-01 -4.569896161556243896e-01 -5.611896142363548279e-02 -4.401200115680694580e-01 3.857068419456481934e-01 3.127880692481994629e-01 2.683913409709930420e-01 3.666049242019653320e-01 -1.297879368066787720e-01 3.748295903205871582e-01 3.096624612808227539e-01 -4.055903255939483643e-01 -7.491190433502197266e-01 -1.562133431434631348e-01 -4.201426208019256592e-01 -5.361210703849792480e-01 2.331724464893341064e-01 2.626518011093139648e-01
2.497199773788452148e-01 1.564366668462753296e-01 2.143367230892181396e-01 5.321291685104370117e-01 1.876796409487724304e-02 -3.661430180072784424e-01 1.323205232620239258e-01 8.559335470199584961e-01 -2.023054510354995728e-01 -2.204122720286250114e-03 1.668823957443237305e-01 -4.364640116691589355e-01 -4.167601168155670166e-01 1.363494396209716797e-01 9.775639325380325317e-02 2.006182074546813965e-01 1.178674548864364624e-01 -1.965329982340335846e-02 -2.843991816043853760e-01 1.640943735837936401e-01 -2.305558621883392334e-01 3.789895176887512207e-01 1.026978045701980591e-01 -2.401434779167175293e-01 1.644911020994186401e-01 4.795543253421783447e-01 -1.058733537793159485e-01 -2.068377435207366943e-01 -4.852451756596565247e-02 -1.371401697397232056e-01 -1.766372472047805786e-01 2.408549040555953979e-01 -6.638728976249694824e-01 -2.495117038488388062e-01 -4.672848284244537354e-01 -1.665015965700149536e-01 -3.605701625347137451e-01 3.349743485450744629e-01 1.765485852956771851e-01 -2.892935872077941895e-01 2.123008072376251221e-01 1.243990436196327209e-01 6.428258419036865234e-01 -6.851130723953247070e-02 1.575711816549301147e-01 -6.268438696861267090e-01 -1.533319056034088135e-01 2.223537117242813110e-01 -1.013860553503036499e-01 -3.431869149208068848e-01 -9.283686429262161255e-02 2.262925058603286743e-01 3.797571659088134766e-01 8.169042468070983887e-01 -3.076084703207015991e-02 3.775096833705902100e-01 -6.684017181396484375e-01 9.831422567367553711e-02 -4.254689216613769531e-01 -6.739065283909440041e-04 -1.475960947573184967e-02 -1.007533818483352661e-01 -1.921683102846145630e-01 5.508720278739929199e-01
6.014345884323120117e-01 3.047072589397430420e-01 -1.410656422376632690e-01 2.334923297166824341e-01 1.046406254172325134e-01 -5.354399681091308594e-01 -2.705121040344238281e-01 1.293880045413970947e-01 3.521909117698669434e-01 -7.561855763196945190e-02 -2.828310243785381317e-02 -3.140684068202972412e-01 -2.878477275371551514e-01 1.839874088764190674e-01 4.216479361057281494e-01 -5.460024625062942505e-02 -5.439568161964416504e-01 -1.698140986263751984e-02 1.437476426362991333e-01 6.452398300170898438e-01 -5.162704363465309143e-02 5.129171609878540039e-01 1.850129803642630577e-03 -2.769993543624877930e-01 -3.112590014934539795e-01 4.492363035678863525e-01 -4.370919764041900635e-01 -5.711902379989624023e-01 5.521469712257385254e-01 7.975357584655284882e-03 -1.358118951320648193e-01 3.601257503032684326e-01 -6.722208261489868164e-01 -8.185218274593353271e-02 -2.378603070974349976e-02 -3.728990852832794189e-01 -4.450388252735137939e-02 2.208540886640548706e-01 2.455316185951232910e-01 -1.036877930164337158e-01 -7.713964581489562988e-01 3.306757807731628418e-01 3.081825375556945801e-01 4.256635606288909912e-01 -1.090451478958129883e-01 -1.957612931728363037e-01 -3.461730778217315674e-01 -6.741558909416198730e-01 4.891595244407653809e-01 3.446570038795471191e-01 -4.921171069145202637e-01 -5.188146233558654785e-01 1.953089684247970581e-01 5.912646651268005371e-02 -8.681023120880126953e-02 5.216448903083801270e-01 -4.748397469520568848e-01 -6.016034260392189026e-02 -6.666119694709777832e-01 -3.885495364665985107e-01 3.120816312730312347e-02 -9.097709059715270996e-01 -2.842615544795989990e-01 3.617514371871948242e-01
2.554165422916412354e-01 -8.610402792692184448e-02 4.206401295959949493e-03 2.895630002021789551e-01 3.826146125793457031e-01 -5.736106038093566895e-01 -5.888891220092773438e-01 -2.785028219223022461e-01 -3.220291137695312500e-01 1.975390911102294922e-01 3.111211359500885010e-01 2.555809682235121727e-03 -5.302858352661132812e-01 -2.833097279071807861e-01 4.410179257392883301e-01 1.155337877571582794e-02 -1.370536535978317261e-01 -2.571286857128143311e-01 2.074794024229049683e-01 7.036048173904418945e-02 -2.185800522565841675e-01 1.137308597564697266e+00 2.501489222049713135e-01 -2.077096700668334961e-01 8.083531856536865234e-01 2.143055945634841919e-01 2.909655570983886719e-01 -8.050330728292465210e-02 -1.309066265821456909e-01 -5.399448275566101074e-01 -1.739147603511810303e-01 4.388412833213806152e-01 -7.267364859580993652e-01 -1.471275687217712402e-01 -1.058721065521240234e+00 4.435132443904876709e-02 -1.566526889801025391e-01 3.569959402084350586e-01 1.589024513959884644e-01 -1.363856345415115356e-01 2.536807656288146973e-01 -5.905846953392028809e-01 3.538733720779418945e-01 -1.866789311170578003e-01 -1.661724895238876343e-01 -6.619513630867004395e-01 -3.207951784133911133e-01 -1.536009460687637329e-01 1.041473820805549622e-01 5.250327661633491516e-02 -1.263510584831237793e-01 5.459857583045959473e-01 7.888151407241821289e-01 8.096992373466491699e-01 -1.038215011358261108e-01 8.479046076536178589e-02 -2.232145667076110840e-01 -3.195448219776153564e-01 -9.148555397987365723e-01 4.690421521663665771e-01 3.103113919496536255e-02 -4.819006323814392090e-01 4.652134701609611511e-02 -3.734902665019035339e-02
3.607468008995056152e-01 1.890527904033660889e-01 6.237120628356933594e-01 6.702671051025390625e-01 2.110639959573745728e-01 -8.878419995307922363e-01 -5.298327207565307617e-01 -4.554264843463897705e-01 6.218730658292770386e-02 -6.064267158508300781e-01 5.674822926521301270e-01 -7.551627159118652344e-01 -6.452312469482421875e-01 -1.307979106903076172e+00 8.260601200163364410e-03 9.560617208480834961e-01 -1.900997757911682129e-01 -4.343019425868988037e-02 2.711933851242065430e-01 1.430911540985107422e+00 9.578437805175781250e-01 1.195702433586120605e+00 -9.514658898115158081e-02 -8.495899438858032227e-01 -1.063449025154113770e+00 -1.098695993423461914e+00 -1.609278321266174316e-01 4.824842810630798340e-01 -1.357972025871276855e-01 7.638483643531799316e-01 -2.204054445028305054e-01 5.794609785079956055e-01 -5.615842342376708984e-01 1.525508463382720947e-01 -8.393738269805908203e-01 -4.238167107105255127e-01 -5.020775198936462402e-01 6.715101003646850586e-01 1.150805428624153137e-01 1.762079596519470215e-01 -2.529748380184173584e-01 -9.314371645450592041e-02 1.231127142906188965e+00 -3.160965442657470703e-01 5.171175599098205566e-01 -5.896293520927429199e-01 5.207185745239257812e-01 -5.450546741485595703e-01 3.571139872074127197e-01 3.688780963420867920e-02 -8.554175496101379395e-02 -4.366533458232879639e-01 8.771362304687500000e-01 1.177718400955200195e+00 -5.247138738632202148e-01 1.460788607597351074e+00 2.445652037858963013e-01 -1.038743615150451660e+00 -2.173956036567687988e-01 3.906795382499694824e-01 2.055001556873321533e-01 -4.683533683419227600e-02 3.385987877845764160e-01 -3.821131885051727295e-01
1.949474662542343140e-01 -5.988125205039978027e-01 -8.679579943418502808e-02 7.618616819381713867e-01 -1.079259514808654785e-01 -1.276936531066894531e+00 3.260650932788848877e-01 1.605013944208621979e-02 -2.910014688968658447e-01 -1.232176780700683594e+00 -7.092291116714477539e-01 -1.621647328138351440e-01 -4.597916007041931152e-01 -8.327869772911071777e-01 3.532800376415252686e-01 9.848444461822509766e-01 -1.813404709100723267e-01 -1.247734069824218750e+00 1.055267453193664551e+00 1.563279032707214355e+00 1.577571183443069458e-01 3.883560597896575928e-01 -2.098060250282287598e-01 -6.554853320121765137e-01 7.872996330261230469e-01 4.828167259693145752e-01 -7.539290785789489746e-01 -4.272888302803039551e-01 -3.729807436466217041e-01 -1.077997013926506042e-01 -4.866577982902526855e-01 4.674524366855621338e-01 -7.754474878311157227e-01 7.684414386749267578e-01 4.664907976984977722e-02 -7.275966405868530273e-01 7.494986802339553833e-02 -5.000568628311157227e-01 5.289917439222335815e-02 4.887461662292480469e-01 1.793756484985351562e-01 2.412067949771881104e-01 -1.566967219114303589e-01 -2.924453914165496826e-01 8.149433732032775879e-01 1.435983330011367798e-01 -1.823612898588180542e-01 -4.570542275905609131e-02 -3.813683092594146729e-01 -2.969817221164703369e-01 -5.390864014625549316e-01 8.519220948219299316e-01 3.067526519298553467e-01 1.121892035007476807e-01 5.579643249511718750e-01 1.197697445750236511e-01 2.756068110466003418e-02 -8.842033147811889648e-01 -1.095963120460510254e+00 -1.486357301473617554e-01 -7.314911484718322754e-01 -1.253917098045349121e+00 1.154146194458007812e+00 -3.623135155066847801e-03
2.050157189369201660e-01 4.701268076896667480e-01 -3.008717596530914307e-01 4.979982972145080566e-01 5.172885656356811523e-01 3.850997984409332275e-01 -1.425621658563613892e-01 1.242397427558898926e-01 -1.708678305149078369e-01 -6.460773199796676636e-02 -1.459774225950241089e-01 -3.162100911140441895e-01 -4.866103529930114746e-01 5.492028594017028809e-01 4.428539872169494629e-01 2.622422277927398682e-01 -6.134832501411437988e-01 -1.869827061891555786e-01 3.803360164165496826e-01 9.845797419548034668e-01 -9.065122902393341064e-02 7.151163816452026367e-01 -3.451881231740117073e-03 -1.794552356004714966e-01 -5.195609927177429199e-01 4.896420538425445557e-01 -1.403682529926300049e-01 -4.506003558635711670e-01 4.401004016399383545e-01 1.692982017993927002e-02 -3.637897968292236328e-01 4.497578144073486328e-01 -5.352678298950195312e-01 -2.010881155729293823e-01 -9.989516437053680420e-02 -4.509468376636505127e-01 4.251331090927124023e-02 -5.346911773085594177e-02 5.154539942741394043e-01 8.350391290150582790e-04 -3.309347033500671387e-01 2.322761118412017822e-01 2.954723536968231201e-01 1.049962043762207031e-01 -3.209672272205352783e-01 -5.101059675216674805e-01 1.372800469398498535e-01 -3.622327148914337158e-01 -3.853972554206848145e-01 -3.706434965133666992e-01 -2.537171915173530579e-02 -4.069218337535858154e-01 7.184579372406005859e-01 2.582873404026031494e-01 3.506914377212524414e-01 5.828595757484436035e-01 -3.924522607121616602e-04 -6.229322552680969238e-01 -9.174610972404479980e-01 -7.162390351295471191e-01 -8.663947880268096924e-02 -6.796580553054809570e-01 -7.012619376182556152e-01 -1.620312333106994629e-01
2.592847347259521484e-01 2.664684355258941650e-01 2.064569294452667236e-01 1.349734961986541748e-01 3.520278334617614746e-01 -4.772271811962127686e-01 2.623807489871978760e-01 3.975571691989898682e-01 -3.387085348367691040e-02 -6.690211892127990723e-01 3.267111480236053467e-01 -9.399585425853729248e-02 7.886833697557449341e-02 -4.417054653167724609e-01 -1.397049240767955780e-02 -1.308596134185791016e-01 -1.092031076550483704e-01 -1.474157092161476612e-03 -2.354531586170196533e-01 3.389661312103271484e-01 2.545661926269531250e-01 2.904444336891174316e-01 3.688586950302124023e-01 -1.566392779350280762e-01 2.846728563308715820e-01 5.800712108612060547e-01 -2.926950752735137939e-01 -5.012114644050598145e-01 -2.048971317708492279e-02 -3.220421671867370605e-01 1.096950545907020569e-01 -2.379311434924602509e-02 -4.440200328826904297e-01 3.398917615413665771e-02 1.694742441177368164e-01 -4.688031673431396484e-01 -4.912917613983154297e-01 -8.610069006681442261e-02 1.491119712591171265e-01 -6.863790750503540039e-02 -2.450827956199645996e-01 2.280434966087341309e-01 -4.075873196125030518e-01 -1.134688109159469604e-01 -1.607491075992584229e-01 -2.235017120838165283e-01 -1.403597891330718994e-01 -4.880308508872985840e-01 3.433670699596405029e-01 -1.639744266867637634e-02 3.375311940908432007e-02 -2.016036063432693481e-01 6.423006057739257812e-01 6.308234333992004395e-01 -2.530646622180938721e-01 1.927037537097930908e-01 -7.030876278877258301e-01 -5.785766243934631348e-01 -5.430930852890014648e-01 2.350536584854125977e-01 4.042822420597076416e-01 -7.202207297086715698e-02 -2.129463404417037964e-01 2.659304738044738770e-01
4.812546372413635254e-01 3.079306185245513916e-01 -2.422247529029846191e-01 2.090394049882888794e-01 9.756260365247726440e-02 -6.002631783485412598e-01 -2.401291579008102417e-01 9.265579283237457275e-02 6.918380260467529297e-01 -2.432135194540023804e-01 -5.046679973602294922e-01 -3.253682851791381836e-01 -3.218191564083099365e-01 -1.228809058666229248e-01 5.351452827453613281e-01 5.388345122337341309e-01 -5.103006958961486816e-01 5.247049033641815186e-02 -2.888910174369812012e-01 1.027772784233093262e+00 -3.154728412628173828e-01 7.888247370719909668e-01 3.665763139724731445e-01 -3.626094162464141846e-01 -2.037511169910430908e-01 -1.684273034334182739e-02 -4.880904853343963623e-01 -1.379272788763046265e-01 1.105193972587585449e+00 -2.163640558719635010e-01 -1.053546592593193054e-01 6.491827964782714844e-01 -7.684912085533142090e-01 -7.346273958683013916e-02 2.171000093221664429e-01 -5.119175314903259277e-01 -6.544159054756164551e-01 -3.951127529144287109e-01 5.561015009880065918e-01 3.131695985794067383e-01 -2.216912955045700073e-01 1.355641931295394897e-01 4.587497413158416748e-01 3.299384713172912598e-01 -4.698300361633300781e-01 1.884007453918457031e-01 -2.735933661460876465e-01 -2.457108944654464722e-01 6.321434378623962402e-01 5.247205495834350586e-01 -4.619177281856536865e-01 -5.240685939788818359e-01 -6.380201131105422974e-02 4.552181065082550049e-02 -4.096782207489013672e-01 7.675905227661132812e-01 -6.167054772377014160e-01 -6.276618242263793945e-01 -5.817879438400268555e-01 -6.831515431404113770e-01 7.268257439136505127e-02 -1.227877259254455566e+00 5.744838118553161621e-01 2.933525145053863525e-01
2.036295831203460693e-01 -8.868031948804855347e-02 8.466117978096008301e-01 4.961340129375457764e-01 8.356738835573196411e-02 -4.730697274208068848e-01 3.796073049306869507e-02 6.356281042098999023e-02 -3.082348406314849854e-01 1.655080467462539673e-01 2.492463588714599609e-01 -4.929048418998718262e-01 -2.850024402141571045e-01 -2.980346083641052246e-01 -9.936281293630599976e-02 5.388632416725158691e-01 1.322128772735595703e-01 -5.515924692153930664e-01 -2.654910385608673096e-01 7.413375973701477051e-01 7.285010814666748047e-01 6.098896265029907227e-01 -1.022280752658843994e-01 -3.646172583103179932e-01 -2.212473005056381226e-02 -3.289601802825927734e-01 -4.394355714321136475e-01 3.393832594156265259e-02 1.659493297338485718e-01 5.016436427831649780e-02 3.853291571140289307e-01 5.774253606796264648e-01 -1.102903559803962708e-01 -3.226745128631591797e-01 -2.697960138320922852e-01 -6.642357707023620605e-01 3.036789596080780029e-02 -4.503512382507324219e-01 5.124495029449462891e-01 3.032958209514617920e-01 -2.234646826982498169e-01 -4.461753368377685547e-02 1.134547814726829529e-01 -2.670320272445678711e-01 -1.864150613546371460e-01 -2.535754442214965820e-02 -2.602952718734741211e-01 -1.231202334165573120e-01 -5.441409945487976074e-01 6.642001867294311523e-01 -2.929846942424774170e-01 6.656014323234558105e-01 1.028983145952224731e-01 -1.111065447330474854e-01 4.771602153778076172e-01 -7.601782679557800293e-02 5.260437726974487305e-01 -4.249389171600341797e-01 3.324889242649078369e-01 5.945561453700065613e-02 3.060363233089447021e-01 -7.704995274543762207e-01 1.622116863727569580e-01 -1.184219717979431152e-01
1.245857402682304382e-01 1.503453552722930908e-01 1.371319651603698730e+00 3.202016055583953857e-01 3.250192701816558838e-01 -3.915642797946929932e-01 -2.133823335170745850e-01 1.940992921590805054e-01 1.128430441021919250e-01 5.032781958580017090e-01 1.847889423370361328e-01 5.535326153039932251e-02 4.089613258838653564e-02 -4.784597754478454590e-01 -1.038177087903022766e-01 6.240103840827941895e-01 -1.065005883574485779e-01 -1.623977720737457275e-01 4.263695776462554932e-01 9.812218546867370605e-01 6.467536687850952148e-01 2.936883866786956787e-01 1.985245198011398315e-02 -8.133103847503662109e-01 -2.514595091342926025e-01 -1.143245026469230652e-01 -6.332089658826589584e-03 1.136015821248292923e-02 3.020833432674407959e-01 2.090664356946945190e-01 5.725365281105041504e-01 1.036259770393371582e+00 -6.286517381668090820e-01 3.675000369548797607e-01 -3.731939792633056641e-01 -4.433202147483825684e-01 -4.206172525882720947e-01 1.420148741453886032e-02 5.044464468955993652e-01 2.030614614486694336e-01 -3.309675678610801697e-02 8.650092035531997681e-02 1.468713730573654175e-01 -3.593227565288543701e-01 2.325425148010253906e-01 2.301078140735626221e-01 -4.259834289550781250e-01 -1.625439375638961792e-01 -6.867837905883789062e-01 3.247702121734619141e-01 3.634214103221893311e-01 2.996609210968017578e-01 9.329328685998916626e-02 5.987492799758911133e-01 2.236276417970657349e-01 -1.205426752567291260e-01 4.402260780334472656e-01 -7.972059249877929688e-01 -5.442840978503227234e-02 -6.958549022674560547e-01 4.186354577541351318e-01 -7.156378030776977539e-01 5.226253867149353027e-01 -9.144821017980575562e-02
2.145110964775085449e-01 1.888857036828994751e-01 1.443700194358825684e-01 5.883180499076843262e-01 9.054031223058700562e-02 -1.962369680404663086e-01 2.320538312196731567e-01 9.185047149658203125e-01 -6.547705084085464478e-02 -5.392271559685468674e-03 8.680529147386550903e-02 -2.612400352954864502e-01 -3.195439875125885010e-01 1.203867122530937195e-01 2.710360586643218994e-01 2.121406346559524536e-01 -8.874282240867614746e-02 1.067744195461273193e-01 -2.153793573379516602e-01 2.381693422794342041e-01 -3.893066644668579102e-01 4.683052897453308105e-01 -3.801527433097362518e-03 -5.794991180300712585e-02 2.657216787338256836e-01 3.064143955707550049e-01 -1.609285026788711548e-01 -4.143622219562530518e-01 -1.467067450284957886e-01 -3.685355484485626221e-01 -2.523064613342285156e-01 4.790710210800170898e-01 -6.739279031753540039e-01 -1.536150872707366943e-01 -5.561772584915161133e-01 -1.038170829415321350e-01 -6.616371273994445801e-01 3.402961790561676025e-01 1.697856187820434570e-01 -1.964072287082672119e-01 3.612623214721679688e-01 9.445908665657043457e-02 6.694185733795166016e-01 9.400667995214462280e-02 1.813657432794570923e-01 -4.890025556087493896e-01 1.183994114398956299e-02 1.019745245575904846e-01 -3.386153578758239746e-01 -2.383688539266586304e-01 -1.197328269481658936e-01 3.499862849712371826e-01 3.384924530982971191e-01 4.826068580150604248e-01 1.805052310228347778e-01 7.856880873441696167e-02 -5.975311994552612305e-01 -3.409189730882644653e-02 -4.665887057781219482e-01 1.027811020612716675e-01 8.617455512285232544e-02 -2.860549092292785645e-01 -3.217709958553314209e-01 6.802396178245544434e-01
3.029834330081939697e-01 2.334461659193038940e-01 4.890041351318359375e-01 6.810062527656555176e-01 7.046594470739364624e-02 -5.186154842376708984e-01 1.333265304565429688e-01 2.120114564895629883e-01 -3.156706094741821289e-01 -5.397403836250305176e-01 -7.505236864089965820e-01 -3.538925349712371826e-01 -3.135581910610198975e-01 -2.739599049091339111e-01 -1.218152139335870743e-02 -1.522529870271682739e-01 4.401858150959014893e-01 2.696611583232879639e-01 -3.207252174615859985e-02 5.754255056381225586e-01 -3.921530023217201233e-02 4.031146168708801270e-01 6.800451129674911499e-02 -5.967096984386444092e-02 -6.120349764823913574e-01 4.769194424152374268e-01 -4.529978930950164795e-01 -5.575124025344848633e-01 -2.490081489086151123e-01 -1.436746567487716675e-01 -8.246318101882934570e-01 4.905593693256378174e-01 -5.641058683395385742e-01 -2.239416539669036865e-01 2.214010357856750488e-01 -9.704787284135818481e-02 -1.402687132358551025e-01 5.429052114486694336e-01 -2.587886713445186615e-02 2.093319781124591827e-02 -3.951096832752227783e-01 4.239104986190795898e-01 3.135857731103897095e-02 5.070825219154357910e-01 -5.272845923900604248e-02 1.320304721593856812e-01 -5.024394392967224121e-01 -3.953593373298645020e-01 3.327485546469688416e-02 -1.008412707597017288e-02 -2.056938223540782928e-02 1.673093140125274658e-01 5.631248354911804199e-01 1.333055198192596436e-01 2.499765455722808838e-01 -3.465563058853149414e-01 -8.856821060180664062e-01 -6.871303915977478027e-02 4.313337430357933044e-02 -4.424292147159576416e-01 1.450989097356796265e-01 -2.511464953422546387e-01 1.984254717826843262e-01 -1.028463318943977356e-01
1.804672479629516602e-01 -2.388424128293991089e-01 1.962486952543258667e-01 1.388743519783020020e-01 3.514913320541381836e-01 -4.325157105922698975e-01 -1.703919470310211182e-01 2.734291851520538330e-01 8.919942378997802734e-02 -5.262045860290527344e-01 9.620724618434906006e-02 -2.126310318708419800e-01 -3.802324086427688599e-02 8.834727108478546143e-02 -9.160415828227996826e-02 3.594889044761657715e-01 1.294352412223815918e-01 1.940581202507019043e-01 -1.976177990436553955e-01 4.966489672660827637e-01 -1.600628048181533813e-01 1.554922014474868774e-01 1.282467246055603027e-01 -7.939130067825317383e-02 -2.588393986225128174e-01 4.286720454692840576e-01 -7.887288331985473633e-01 -1.797764301300048828e-01 -3.583227992057800293e-01 -3.775083124637603760e-01 -7.315337657928466797e-01 7.683398434892296791e-04 -5.273538827896118164e-01 -7.396905124187469482e-02 1.684305071830749512e-01 -3.714206442236900330e-02 -6.527252197265625000e-01 5.898056030273437500e-01 2.340835183858871460e-01 -7.354617863893508911e-02 -6.902366280555725098e-01 2.622861266136169434e-01 2.002570927143096924e-01 -2.979366779327392578e-01 2.974661886692047119e-01 -4.176771342754364014e-01 -5.059235692024230957e-01 -2.043472528457641602e-01 -7.370142638683319092e-02 4.038302227854728699e-02 2.248590886592864990e-01 -1.314457207918167114e-01 5.166398882865905762e-01 6.845932006835937500e-01 6.554786860942840576e-02 2.334380298852920532e-01 -4.077600836753845215e-01 -1.706049740314483643e-01 -3.623740747570991516e-02 2.395003587007522583e-01 5.856297910213470459e-02 -4.199963212013244629e-01 -3.141264319419860840e-01 -1.598253846168518066e-01
2.341131120920181274e-01 -1.614836603403091431e-02 -1.224687919020652771e-01 5.051552653312683105e-01 3.272966444492340088e-01 -1.481544971466064453e-02 -1.505872011184692383e-01 3.566584885120391846e-01 -3.430157899856567383e-01 -2.798182889819145203e-02 -8.999629318714141846e-02 -3.859874606132507324e-01 -3.990220427513122559e-01 4.848470091819763184e-01 3.077744245529174805e-01 6.146590113639831543e-01 -2.095974832773208618e-01 1.062353104352951050e-01 -7.220380008220672607e-02 5.067813992500305176e-01 -2.375158369541168213e-01 5.266270637512207031e-01 1.196804866194725037e-01 8.011759817600250244e-02 5.914570018649101257e-02 4.731627106666564941e-01 -2.922011353075504303e-02 -1.920675486326217651e-01 -3.240376412868499756e-01 -4.112421572208404541e-01 -5.015416741371154785e-01 1.557651907205581665e-01 -7.959826588630676270e-01 -2.352263480424880981e-01 -3.797938227653503418e-01 -2.680795490741729736e-01 -1.178465411067008972e-01 5.175276398658752441e-01 5.571973919868469238e-01 1.627934910356998444e-02 -1.336949765682220459e-01 4.211245849728584290e-02 5.754989981651306152e-01 -1.404281705617904663e-01 -5.870953574776649475e-02 -5.871095657348632812e-01 -5.068477988243103027e-01 1.728572547435760498e-01 -4.189324080944061279e-01 -5.286483764648437500e-01 3.083658516407012939e-01 -5.957217141985893250e-02 5.559990406036376953e-01 6.689132452011108398e-01 2.763158082962036133e-01 -9.815489500761032104e-02 -2.438989430665969849e-01 -4.063810706138610840e-01 -5.754194259643554688e-01 1.517623662948608398e-01 -2.699114978313446045e-01 -3.850220739841461182e-01 -4.085701406002044678e-01 1.734888553619384766e-01
8.484044671058654785e-02 -3.135639131069183350e-01 1.496800929307937622e-01 1.754148304462432861e-01 2.542393803596496582e-01 -2.472332864999771118e-01 -1.116076484322547913e-02 2.087039947509765625e-01 7.982301712036132812e-02 -5.255424380302429199e-01 1.378015242516994476e-02 -1.620301604270935059e-01 2.972827665507793427e-02 9.776472300291061401e-02 6.888790056109428406e-03 4.201845228672027588e-01 2.331840842962265015e-01 1.879911720752716064e-01 -3.237374424934387207e-01 4.360288381576538086e-01 -1.081230565905570984e-01 2.780682444572448730e-01 2.328549325466156006e-01 -1.479239314794540405e-01 -2.309365868568420410e-01 6.032259464263916016e-01 -7.210276722908020020e-01 -1.068404689431190491e-01 -3.479953706264495850e-01 -2.891800105571746826e-01 -7.771134376525878906e-01 -1.330394744873046875e-01 -5.343002676963806152e-01 -1.318344324827194214e-01 2.171197086572647095e-01 -1.331068109720945358e-02 -7.308516502380371094e-01 5.351620316505432129e-01 2.130561172962188721e-01 2.495090942829847336e-03 -5.611641407012939453e-01 -3.632075153291225433e-03 8.120790868997573853e-02 -3.036362528800964355e-01 2.520058751106262207e-01 -3.140021264553070068e-01 -4.749005436897277832e-01 -4.159826934337615967e-01 -3.209157884120941162e-01 3.034121915698051453e-02 1.561114042997360229e-01 1.069906800985336304e-01 7.083332538604736328e-01 6.993322968482971191e-01 7.316575385630130768e-03 -7.185485959053039551e-02 -4.858620464801788330e-01 -8.866319060325622559e-02 -1.967692077159881592e-01 1.542220115661621094e-01 7.790363579988479614e-02 -5.188044905662536621e-01 -3.618126511573791504e-01 -1.669544577598571777e-01
6.080900430679321289e-01 9.372126311063766479e-02 -8.140159398317337036e-02 5.653947591781616211e-03 -4.513623118400573730e-01 -1.088297605514526367e+00 5.852549076080322266e-01 1.779817491769790649e-01 -5.065849423408508301e-01 -2.845341861248016357e-01 2.909711897373199463e-01 -4.460867047309875488e-01 3.315499126911163330e-01 -6.092092394828796387e-01 5.020731687545776367e-01 1.236961960792541504e+00 2.721047997474670410e-01 -5.406634211540222168e-01 -7.006586343050003052e-02 9.185484647750854492e-01 2.187088578939437866e-01 1.922438442707061768e-01 -1.799977384507656097e-02 -1.659385263919830322e-01 -1.780966073274612427e-01 -3.865175545215606689e-01 -1.637934744358062744e-01 -6.596970558166503906e-01 8.714157938957214355e-01 -2.830751538276672363e-01 -4.832116365432739258e-01 1.812929511070251465e-01 1.914975605905056000e-02 7.060533761978149414e-02 -1.061078667640686035e+00 -4.210820198059082031e-01 2.918848693370819092e-01 3.958405554294586182e-01 6.404326856136322021e-02 4.091692864894866943e-01 1.788046583533287048e-02 1.125885173678398132e-01 7.250635027885437012e-01 -8.611078262329101562e-01 1.462513655424118042e-01 2.089290022850036621e-01 1.633636057376861572e-01 -1.712090969085693359e-01 1.524454951286315918e-01 7.068430185317993164e-01 -6.123023107647895813e-02 5.380892753601074219e-01 5.832424163818359375e-01 1.622888743877410889e-01 3.855961561203002930e-01 3.509534597396850586e-01 5.663541555404663086e-01 -5.819624066352844238e-01 -1.635084748268127441e-01 1.865271776914596558e-01 7.691726684570312500e-01 -6.406889557838439941e-01 4.151244089007377625e-02 -2.023219764232635498e-01
6.151974201202392578e-02 -1.971006393432617188e-01 5.407918095588684082e-01 9.051116704940795898e-01 5.981179475784301758e-01 -7.457881569862365723e-01 4.334126785397529602e-02 -3.642095923423767090e-01 -4.361604452133178711e-01 -9.367870688438415527e-01 -9.157150983810424805e-02 5.926388502120971680e-01 3.601561188697814941e-01 -4.897481799125671387e-01 3.610443770885467529e-01 1.468785285949707031e+00 -6.130707859992980957e-01 -7.620394229888916016e-01 -7.557088136672973633e-02 7.637141346931457520e-01 3.503550887107849121e-01 3.208644688129425049e-01 -3.078229725360870361e-03 -8.966256976127624512e-01 7.617554161697626114e-03 -4.026219993829727173e-02 -2.013456225395202637e-01 1.460527069866657257e-02 8.411942124366760254e-01 -7.928777337074279785e-01 -1.468986868858337402e-01 8.446703553199768066e-01 -9.828130602836608887e-01 -3.212142884731292725e-01 -1.391290873289108276e-01 -3.104235976934432983e-02 1.969210617244243622e-02 5.914394855499267578e-01 -9.955976903438568115e-02 3.784112036228179932e-01 4.530448317527770996e-01 -8.474704623222351074e-02 -3.766586184501647949e-01 -4.338060319423675537e-01 5.164929851889610291e-02 1.930907368659973145e-01 1.745595932006835938e-01 -2.367589622735977173e-01 -9.040439128875732422e-01 3.110170662403106689e-01 -4.535639286041259766e-01 6.122402474284172058e-02 5.243666768074035645e-01 8.924822323024272919e-03 2.151162326335906982e-01 6.521161794662475586e-01 -2.264100015163421631e-01 4.865229725837707520e-01 -5.681028962135314941e-01 -3.889492452144622803e-01 -9.479031711816787720e-02 -6.172266006469726562e-01 2.220545113086700439e-01 1.964629143476486206e-01
